H 0.0 0.0 0.0;
H 0.0 0.0 2.0

overwrite output file: test.pylog
[[1.         0.64589894 0.00227256 0.07465634]
 [0.64589894 1.         0.07465634 0.27025724]
 [0.00227256 0.07465634 1.         0.64589894]
 [0.07465634 0.27025724 0.64589894 1.        ]]
SVD: S^(-1/2)
[[-0.3306004   0.46012676 -0.85621932  0.83453679]
 [-0.39774539  0.36468663  0.71167752 -1.05293881]
 [-0.3306004  -0.46012676 -0.85621932 -0.83453679]
 [-0.39774539 -0.36468663  0.71167752  1.05293881]]
S^(1/2)
[[-0.61794925 -0.74345483 -0.61794925 -0.74345483]
 [ 0.66740563  0.52897143 -0.66740563 -0.52897143]
 [-0.34536213  0.28706017 -0.34536213  0.28706017]
 [ 0.23115675 -0.29165151 -0.23115675  0.29165151]]
C (ortho)
[[-0.80171201 -0.57009349 -0.09239023 -0.15399797]
 [ 0.58103325 -0.75902707  0.10126724 -0.2757247 ]
 [ 0.08280286  0.16885224 -0.79177777 -0.58113531]
 [-0.11314709  0.26525624  0.59522671 -0.75002682]]
[[-0.80171201 -0.57009349 -0.09239023 -0.15399797]
 [-0.58103325  0.75902707 -0.10126724  0.2757247 ]
 [ 0.08280286  0.16885224 -0.79177777 -0.58113531]
 [ 0.11314709 -0.26525624 -0.59522671  0.75002682]]
density matrix (ortho)
[[[ 0.64274215 -0.46582133 -0.06638404  0.09071138]
  [-0.46582133  0.33759963  0.04811121 -0.06574222]
  [-0.06638404  0.04811121  0.00685631 -0.0093689 ]
  [ 0.09071138 -0.06574222 -0.0093689   0.01280226]]

 [[ 0.64274215  0.46582133 -0.06638404 -0.09071138]
  [ 0.46582133  0.33759963 -0.04811121 -0.06574222]
  [-0.06638404 -0.04811121  0.00685631  0.0093689 ]
  [-0.09071138 -0.06574222  0.0093689   0.01280226]]]
[0.06237655 0.31939555 0.74529195 1.28265786 1.85893479 2.39630071 2.8221971  3.07921611] [0.15900941 0.34931531 0.49276925 0.56970235 0.56970235 0.49276925 0.34931531 0.15900941]
S = 0.0, Sz = 0.0
Wigner small d:  1
value : [1. 1. 1. 1. 1. 1. 1. 1.]
**** Cycle 1 ****
dm (ortho)
[[[ 0.64274215 -0.46582133 -0.06638404  0.09071138]
  [-0.46582133  0.33759963  0.04811121 -0.06574222]
  [-0.06638404  0.04811121  0.00685631 -0.0093689 ]
  [ 0.09071138 -0.06574222 -0.0093689   0.01280226]]

 [[ 0.64274215  0.46582133 -0.06638404 -0.09071138]
  [ 0.46582133  0.33759963 -0.04811121 -0.06574222]
  [-0.06638404 -0.04811121  0.00685631  0.0093689 ]
  [-0.09071138 -0.06574222  0.0093689   0.01280226]]]
Fock (ortho) [[-0.23888745  0.32641308  0.21636582  0.02458376]
 [ 0.32641308  0.01106876  0.07806084  0.3396296 ]
 [ 0.21636582  0.07806084  1.12201758  0.0506526 ]
 [ 0.02458376  0.3396296   0.0506526   1.1126149 ]] [[-0.23888745 -0.32641308  0.21636582 -0.02458376]
 [-0.32641308  0.01106876 -0.07806084  0.3396296 ]
 [ 0.21636582 -0.07806084  1.12201758 -0.0506526 ]
 [-0.02458376  0.3396296  -0.0506526   1.1126149 ]]
E(UHF) =    -1.261600
NO eigenvalue
[-1.0000003600e+00+0.j  5.5511151231e-17+0.j  3.2408843471e-18+0.j  6.2911156719e-20+0.j] [-1.0000003600e+00+0.j  0.0000000000e+00+0.j  7.1921612496e-19+0.j -2.4758925152e-19+0.j]
NO vec
[[-0.8017118674  0.            0.5977107007 -0.0854979808  0.0222685894  0.            0.            0.          ]
 [ 0.5810331422  0.            0.7793421884  0.1139865904  0.0471375425  0.            0.            0.          ]
 [ 0.0828028418  0.            0.1110637987 -0.7581541032  0.7638562437  0.            0.            0.          ]
 [-0.1131470667  0.           -0.1517646346  0.6363171444  0.6432773904  0.            0.            0.          ]
 [ 0.           -0.8017118674  0.            0.            0.            0.5977107007 -0.5916085382  0.5973970944]
 [ 0.           -0.5810331422  0.            0.            0.           -0.7793421884  0.7722800531 -0.7851135247]
 [ 0.            0.0828028418  0.            0.            0.            0.1110637987 -0.2227184288  0.0806765651]
 [ 0.            0.1131470667  0.            0.            0.            0.1517646346 -0.063082158   0.1421434373]]
dm(NO)
[[ 1.0000003600e+00  0.0000000000e+00  3.4802889737e-17  1.3986208025e-17 -3.5778671692e-18  0.0000000000e+00  0.0000000000e+00  0.0000000000e+00]
 [ 0.0000000000e+00  1.0000003600e+00  0.0000000000e+00  0.0000000000e+00  0.0000000000e+00  9.4705059767e-17 -6.5661994071e-17  1.0411051361e-16]
 [ 1.0679391399e-16  0.0000000000e+00 -5.6486933186e-17  6.9388939039e-18  0.0000000000e+00  0.0000000000e+00  0.0000000000e+00  0.0000000000e+00]
 [-2.6454533009e-17  0.0000000000e+00  7.8062556419e-18 -8.6736173799e-19  0.0000000000e+00  0.0000000000e+00  0.0000000000e+00  0.0000000000e+00]
 [-1.6263032587e-18  0.0000000000e+00  2.1684043450e-19  1.7347234760e-18  8.6736173799e-19  0.0000000000e+00  0.0000000000e+00  0.0000000000e+00]
 [ 0.0000000000e+00  1.1113072268e-16  0.0000000000e+00  0.0000000000e+00  0.0000000000e+00  2.7918205942e-17 -3.3149481424e-17  1.6208822479e-17]
 [ 0.0000000000e+00 -7.9444914189e-17  0.0000000000e+00  0.0000000000e+00  0.0000000000e+00 -5.6649563512e-18 -5.6242987698e-18  6.0986372202e-18]
 [ 0.0000000000e+00  6.5241865729e-17  0.0000000000e+00  0.0000000000e+00  0.0000000000e+00  2.9490299092e-17  3.7079714299e-17  1.2685165418e-17]]
D(g) (NO)
[[ 0.999514  0.00933   0.       -0.        0.       -0.029312  0.02843  -0.029453]
 [-0.00933   0.999514  0.029312 -0.00036  -0.002831  0.       -0.        0.      ]
 [ 0.       -0.029312  0.999514 -0.142973  0.037238 -0.008133  0.007269 -0.008339]
 [-0.        0.00036  -0.142973  0.999514 -0.166242 -0.003978  0.008336 -0.00347 ]
 [ 0.        0.002831  0.037238 -0.166242  0.999514  0.004959 -0.005846  0.004034]
 [ 0.029312  0.        0.008133  0.003978 -0.004959  0.999514 -0.989309  0.998989]
 [-0.02843  -0.       -0.007269 -0.008336  0.005846 -0.989309  0.999514 -0.986208]
 [ 0.029453  0.        0.008339  0.00347  -0.004034  0.998989 -0.986208  0.999514]]
...
N(g) (NO)
[[ 1.000399 -0.009338]
 [ 0.009338  1.000399]]
...
P(g) (NO)
[[ 1.        0.        0.        0.       -0.        0.       -0.        0.      ]
 [-0.        1.       -0.       -0.        0.        0.       -0.        0.      ]
 [-0.000274 -0.029324 -0.       -0.        0.       -0.        0.       -0.      ]
 [ 0.000003  0.00036   0.        0.       -0.        0.       -0.        0.      ]
 [ 0.000026  0.002832  0.        0.       -0.        0.       -0.        0.      ]
 [ 0.029324 -0.000274  0.        0.       -0.       -0.        0.       -0.      ]
 [-0.028442  0.000265 -0.       -0.        0.        0.       -0.        0.      ]
 [ 0.029465 -0.000275  0.        0.       -0.       -0.        0.       -0.      ]]
...
Pg_ortho
[[ 0.642873 -0.465916 -0.066398  0.09073   0.014026  0.010165 -0.001449 -0.001979]
 [-0.465651  0.337477  0.048094 -0.065718  0.018182  0.013177 -0.001878 -0.002566]
 [-0.066374  0.048104  0.006855 -0.009367  0.001095  0.000794 -0.000113 -0.000155]
 [ 0.090663 -0.065707 -0.009364  0.012795 -0.005212 -0.003777  0.000538  0.000736]
 [-0.041653  0.030188  0.004302 -0.005879  0.643131  0.466103 -0.066424 -0.090766]
 [ 0.054477 -0.039482 -0.005627  0.007688  0.465313  0.337231 -0.048059 -0.06567 ]
 [-0.009595  0.006954  0.000991 -0.001354 -0.066294 -0.048046  0.006847  0.009356]
 [-0.008364  0.006062  0.000864 -0.00118  -0.090633 -0.065686  0.009361  0.012791]]
G(g) (NO)
[[ 0.272984 -0.001592 -0.05387   0.012064  0.002658 -0.000288  0.000264 -0.000307]
 [ 0.004664  0.272955  0.000842  0.001815 -0.000349 -0.053875  0.052698 -0.053781]
 [-0.053801  0.019109  0.925825 -0.118062  0.220475  0.001117 -0.00089   0.001301]
 [ 0.012052 -0.001985 -0.118064  0.743697 -0.1603   -0.000133  0.000103 -0.000156]
 [ 0.002658  0.004126  0.22047  -0.160301  0.851627  0.000295 -0.000174  0.000422]
 [-0.058869 -0.053667 -0.00346  -0.019148  0.003755  0.925844 -0.94256   0.923501]
 [ 0.060665  0.052489  0.003583  0.02091  -0.00401  -0.942557  0.975835 -0.938101]
 [-0.058684 -0.053573 -0.003446 -0.01898   0.003728  0.923501 -0.938104  0.92196 ]]
...
C(NO)
[[ 1.        0.       -0.000001  0.        0.        0.        0.        0.      ]
 [ 0.        1.        0.        0.        0.       -0.000001  0.        0.      ]
 [ 0.        0.       -0.953796 -0.154573 -0.257646  0.        0.        0.      ]
 [ 0.        0.        0.002994  0.998485 -0.054927  0.        0.        0.      ]
 [ 0.        0.        0.251138 -0.219192 -0.942805  0.        0.        0.      ]
 [ 0.        0.        0.        0.        0.       -0.953796 -0.154573 -0.257646]
 [ 0.       -0.        0.        0.        0.        0.90258   0.190344  0.386159]
 [ 0.        0.        0.        0.        0.       -0.960577 -0.124173 -0.248746]]
detC 1.0000003599615608
1.0008846892965204
1.0235647311663352
1.137252288319038
1.483404310270244
2.407346977973354
4.757199133449353
8.885547297651602
11.061457890543213
xg [0.999115 0.976977 0.879312 0.674125 0.415395 0.210208 0.112542 0.090404]
ciS 1.0895193047784244
[[-0.76727   0.        0.053878 -0.012047 -0.002661  0.        0.        0.      ]
 [ 0.       -0.76727   0.        0.        0.        0.053878 -0.0527    0.053783]
 [ 0.053878  0.       -0.70518  -0.033785  0.099329  0.        0.        0.      ]
 [-0.012047  0.       -0.033785  0.356082 -0.013808  0.        0.        0.      ]
 [-0.002661  0.        0.099329 -0.013808  0.348089  0.        0.        0.      ]
 [ 0.        0.053878  0.        0.        0.       -0.70518   0.679245 -0.710163]
 [ 0.       -0.0527    0.        0.        0.        0.679245 -0.646982  0.684819]
 [ 0.        0.053783  0.        0.        0.       -0.710163  0.684819 -0.714826]]
0 -1.260509014286749
1 -1.2332044356941787
2 -1.1127475065267582
3 -0.8596770188975904
4 -0.5405689536134773
5 -0.28749846598430917
6 -0.16704153681688824
7 -0.13973695822431825
ciH -1.4002459725110634
1.0 -0.026749782412268282 -0.054575042166393084j -2.5587171270657905e-17
0.5449117778070481 0.0018469930432836407 -0.0018469930432836402 0.455088222192952
0.9999999999999999 -0.13779436445211135 -0.2811287633807574j -1.3834419720915037e-16
0.548882495243546 0.04901033423737759 -0.049010334237377606 0.4511175047564538
0.9999999999999999 -0.3306758110721289 -0.6746464720547004j -5.074066167232161e-17
0.5707328241293094 0.28224717714203207 -0.28224717714203207 0.4292671758706903
1.0000000000000002 -0.6097791377918397 -1.244074499159807j -1.0755285551056204e-16
0.6572462593067161 0.9597759781729418 -0.9597759781729419 0.3427537406932841
0.9999999999999998 -0.9895818384988744 -2.0189499013795276j 5.5077470362263625e-17
1.0354982183316055 2.5277154596836082 -2.527715459683608 -0.035498218331605706
0.9999999999999998 -1.3832380888942115 -2.8220893861529275j -1.3877787807814457e-16
2.9633471660180493 4.938768057002357 -4.938768057002359 -1.9633471660180484
0.9999999999999993 -1.1961904366262388 -2.440473814395318j 3.608224830031759e-16
9.708031070356258 3.693391999712652 -3.693391999712652 -8.708031070356258
0.9999999999999997 -0.2956300509926567 -0.6031459340460883j 1.8041124150158794e-16
14.985150503986763 0.2255910724031245 -0.22559107240312454 -13.985150503986764
S2 = -1.511218
X(g)
[[ 1.999999  0.       -0.000274  0.000003  0.000026 -0.029324  0.028442 -0.029465]
 [-0.        1.999999  0.029324 -0.00036  -0.002832 -0.000274  0.000265 -0.000275]
 [-0.000274 -0.029324  0.        0.        0.        0.        0.        0.      ]
 [ 0.000003  0.00036   0.        0.        0.        0.        0.        0.      ]
 [ 0.000026  0.002832  0.        0.        0.        0.        0.        0.      ]
 [ 0.029324 -0.000274  0.        0.        0.        0.        0.        0.      ]
 [-0.028442  0.000265  0.        0.        0.        0.        0.        0.      ]
 [ 0.029465 -0.000275  0.        0.        0.        0.        0.        0.      ]]
X(g) int
[[ 1.999999  0.       -0.258134  0.003168  0.024933 -0.677608  0.657226 -0.680873]
 [-0.        1.999999  0.677608 -0.008315 -0.06545  -0.258134  0.250369 -0.259378]
 [-0.258134 -0.677608  0.        0.        0.        0.        0.        0.      ]
 [ 0.003168  0.008315  0.        0.        0.        0.        0.        0.      ]
 [ 0.024933  0.06545   0.        0.        0.        0.        0.        0.      ]
 [ 0.677608 -0.258134  0.        0.        0.        0.        0.        0.      ]
 [-0.657226  0.250369  0.        0.        0.        0.        0.        0.      ]
 [ 0.680873 -0.259378  0.        0.        0.        0.        0.        0.      ]]
Feff
[[-0.        0.        0.01305  -0.00016  -0.00126   0.010217 -0.009909  0.010266]
 [ 0.       -0.       -0.010217  0.000125  0.000987  0.01305  -0.012657  0.013113]
 [ 0.10981  -0.039242  0.        0.        0.        0.        0.        0.      ]
 [ 0.032226  0.059083  0.        0.        0.        0.        0.        0.      ]
 [-0.031403 -0.010394  0.        0.        0.        0.        0.        0.      ]
 [-0.541518  0.030162  0.        0.        0.        0.        0.        0.      ]
 [ 0.494419  0.001019  0.        0.        0.        0.        0.        0.      ]
 [-0.551349  0.035015  0.        0.        0.        0.        0.        0.      ]]
Feff (ortho)
[[-0.056092 -0.018904  0.017173  0.00376   0.385736 -0.47614   0.082966  0.073434]
 [-0.018904  0.056863 -0.006295 -0.01113  -0.256515  0.361779 -0.062509 -0.056472]
 [ 0.017173 -0.006295 -0.002949  0.001218 -0.015321  0.066947 -0.011101 -0.011045]
 [ 0.00376  -0.01113   0.001218  0.002178  0.036784 -0.079995  0.013533  0.012856]
 [ 0.385736 -0.256515 -0.015321  0.036784 -0.049277  0.014392 -0.001975 -0.002188]
 [-0.47614   0.361779  0.066947 -0.079995  0.014392  0.046744 -0.006606 -0.008657]
 [ 0.082966 -0.062509 -0.011101  0.013533 -0.001975 -0.006606  0.000934  0.001223]
 [ 0.073434 -0.056472 -0.011045  0.012856 -0.002188 -0.008657  0.001223  0.001599]]
Hsp + Hph =  -1.2851961102202145
Feff (mod,ortho)
[[-0.29498   0.307509  0.233539  0.028343  0.        0.        0.        0.      ]
 [ 0.307509  0.067932  0.071766  0.3285    0.        0.        0.        0.      ]
 [ 0.233539  0.071766  1.119069  0.05187   0.        0.        0.        0.      ]
 [ 0.028343  0.3285    0.05187   1.114793  0.        0.        0.        0.      ]
 [ 0.        0.        0.        0.       -0.288165 -0.312021  0.214391 -0.026772]
 [ 0.        0.        0.        0.       -0.312021  0.057813 -0.084667  0.330972]
 [ 0.        0.        0.        0.        0.214391 -0.084667  1.122951 -0.04943 ]
 [ 0.        0.        0.        0.       -0.026772  0.330972 -0.04943   1.114214]]
E(SUHF) =    -1.020608
e_a, e_b
[-0.500715  0.126498  1.099266  1.281765] [-0.49835   0.124055  1.099237  1.281871]
P_a, P_b
[[ 0.730011 -0.428105 -0.088754  0.077093]
 [-0.428105  0.251057  0.052048 -0.04521 ]
 [-0.088754  0.052048  0.010791 -0.009373]
 [ 0.077093 -0.04521  -0.009373  0.008142]] [[ 0.715367  0.437805 -0.07418  -0.080255]
 [ 0.437805  0.267937 -0.045398 -0.049116]
 [-0.07418  -0.045398  0.007692  0.008322]
 [-0.080255 -0.049116  0.008322  0.009004]]
**** Cycle 2 ****
dm (ortho)
[array([[ 0.730011, -0.428105, -0.088754,  0.077093],
       [-0.428105,  0.251057,  0.052048, -0.04521 ],
       [-0.088754,  0.052048,  0.010791, -0.009373],
       [ 0.077093, -0.04521 , -0.009373,  0.008142]]), array([[ 0.715367,  0.437805, -0.07418 , -0.080255],
       [ 0.437805,  0.267937, -0.045398, -0.049116],
       [-0.07418 , -0.045398,  0.007692,  0.008322],
       [-0.080255, -0.049116,  0.008322,  0.009004]])]
Fock (ortho) [[-0.260113  0.304945  0.223451  0.025266]
 [ 0.304945  0.034498  0.072597  0.337813]
 [ 0.223451  0.072597  1.121955  0.050604]
 [ 0.025266  0.337813  0.050604  1.112082]] [[-0.259315 -0.301512  0.215733 -0.023498]
 [-0.301512  0.025732 -0.070644  0.335133]
 [ 0.215733 -0.070644  1.120342 -0.043341]
 [-0.023498  0.335133 -0.043341  1.110856]]
E(UHF) =    -1.256344
NO eigenvalue
[-1.0000000000e+00+0.j -1.1102230246e-16+0.j -1.5586062409e-18+0.j -4.1290386143e-18+0.j] [-1.0000000000e+00+0.j  5.5511151231e-17+0.j -1.1591029616e-18+0.j  1.5197591114e-18+0.j]
NO vec
[[-0.8544069473  0.           -0.5196044345 -0.00676022    0.0679889187  0.            0.            0.          ]
 [ 0.5010556132  0.           -0.8239063573 -0.0246024871 -0.1415960419  0.            0.            0.          ]
 [ 0.1038774756  0.           -0.1708100064  0.6907616435  0.5050098058  0.            0.            0.          ]
 [-0.0902303217  0.            0.1483694298  0.7226322501 -0.8487008683  0.            0.            0.          ]
 [ 0.           -0.8457936519  0.            0.            0.           -0.5335101671 -0.0420107925 -0.0035802755]
 [ 0.           -0.5176267374  0.            0.            0.            0.8206130558  0.2286005254  0.1014687152]
 [ 0.            0.0877043479  0.            0.            0.           -0.1390409879 -0.1023751786  0.9342359876]
 [ 0.            0.0948873359  0.            0.            0.           -0.1504284479  0.9672105334 -0.3418982319]]
dm(NO)
[[ 1.0000000000e+00  0.0000000000e+00  2.1235454801e-16  1.7672495412e-17 -2.5153490402e-17  0.0000000000e+00  0.0000000000e+00  0.0000000000e+00]
 [ 0.0000000000e+00  1.0000000000e+00  0.0000000000e+00  0.0000000000e+00  0.0000000000e+00 -8.1965684240e-17 -3.8706017558e-17 -1.5991982044e-17]
 [ 2.5137227369e-16  0.0000000000e+00 -5.0794871781e-17 -4.0115480382e-18 -5.8546917314e-18  0.0000000000e+00  0.0000000000e+00  0.0000000000e+00]
 [-2.4936649967e-18  0.0000000000e+00  3.7947076037e-18  1.7347234760e-18 -1.7347234760e-18  0.0000000000e+00  0.0000000000e+00  0.0000000000e+00]
 [-1.9190378453e-17  0.0000000000e+00  8.6736173799e-19  8.6736173799e-19 -8.6736173799e-19  0.0000000000e+00  0.0000000000e+00  0.0000000000e+00]
 [ 0.0000000000e+00 -1.1969591984e-16  0.0000000000e+00  0.0000000000e+00  0.0000000000e+00  2.2957981002e-17  1.0842021725e-18  7.4267848815e-18]
 [ 0.0000000000e+00 -4.0549161251e-17  0.0000000000e+00  0.0000000000e+00  0.0000000000e+00  1.2793585635e-17  5.2041704279e-18 -4.3368086899e-19]
 [ 0.0000000000e+00  1.6805133674e-18  0.0000000000e+00  0.0000000000e+00  0.0000000000e+00  6.8304736867e-18  1.3010426070e-18 -1.7347234760e-18]]
D(g) (NO)
[[ 0.999514  0.014464  0.        0.       -0.        0.027009  0.001638  0.005669]
 [-0.014464  0.999514 -0.026975 -0.004603  0.000638 -0.       -0.       -0.      ]
 [ 0.        0.026975  0.999514  0.013004 -0.130784 -0.012394 -0.000172 -0.009107]
 [ 0.        0.004603  0.013004  0.999514 -0.261306 -0.006902  0.019423  0.012342]
 [-0.       -0.000638 -0.130784 -0.261306  0.999514 -0.002963 -0.028308  0.023305]
 [-0.027009 -0.        0.012394  0.006902  0.002963  0.999514  0.078706  0.006708]
 [-0.001638 -0.        0.000172 -0.019423  0.028308  0.078706  0.999514 -0.402788]
 [-0.005669 -0.        0.009107 -0.012342 -0.023305  0.006708 -0.402788  0.999514]]
...
N(g) (NO)
[[ 1.000277 -0.014475]
 [ 0.014475  1.000277]]
...
P(g) (NO)
[[ 1.       -0.        0.        0.       -0.        0.        0.        0.      ]
 [-0.        1.       -0.       -0.        0.       -0.       -0.       -0.      ]
 [ 0.00039   0.026983  0.        0.       -0.       -0.       -0.       -0.      ]
 [ 0.000067  0.004604  0.        0.       -0.       -0.       -0.       -0.      ]
 [-0.000009 -0.000638 -0.       -0.        0.        0.        0.        0.      ]
 [-0.027016  0.000391 -0.       -0.        0.       -0.       -0.       -0.      ]
 [-0.001638  0.000024 -0.       -0.        0.       -0.       -0.       -0.      ]
 [-0.005671  0.000082 -0.       -0.        0.       -0.       -0.       -0.      ]]
...
Pg_ortho
[[ 0.730186 -0.428208 -0.088775  0.077112  0.011921  0.007296 -0.001236 -0.001337]
 [-0.42783   0.250895  0.052015 -0.045181  0.018822  0.011519 -0.001952 -0.002112]
 [-0.088732  0.052036  0.010788 -0.009371  0.001481  0.000906 -0.000154 -0.000166]
 [ 0.076996 -0.045153 -0.009361  0.008131 -0.006658 -0.004075  0.00069   0.000747]
 [-0.012391  0.007267  0.001507 -0.001309  0.715544  0.437914 -0.074198 -0.080275]
 [ 0.019754 -0.011584 -0.002402  0.002086  0.437522  0.267764 -0.045369 -0.049084]
 [ 0.001174 -0.000688 -0.000143  0.000124 -0.074197 -0.045408  0.007694  0.008324]
 [-0.003775  0.002214  0.000459 -0.000399 -0.080201 -0.049083  0.008316  0.008998]]
G(g) (NO)
[[ 0.296045 -0.002227  0.082003  0.001104 -0.014254  0.000777  0.000547  0.000581]
 [ 0.002031  0.296048 -0.000928 -0.000136 -0.000774  0.07591   0.003842 -0.00468 ]
 [ 0.081902 -0.01702   0.917382 -0.17467  -0.038767  0.00165   0.002946  0.00314 ]
 [ 0.001092  0.001687 -0.174662  0.81562  -0.189074 -0.000365 -0.001956 -0.001616]
 [-0.014229  0.000721 -0.038774 -0.189076  0.734064  0.000023  0.000395  0.000328]
 [ 0.017066  0.07581  -0.001707 -0.001038 -0.004768  0.903349  0.229499 -0.142807]
 [ 0.004447  0.003827 -0.000288 -0.000388 -0.003134  0.229492  0.814388 -0.360193]
 [-0.001103 -0.004698  0.000497  0.000195  0.002697 -0.142802 -0.360191  0.807336]]
...
C(NO)
[[ 0.994929  0.        0.100383 -0.006276  0.000732  0.        0.        0.      ]
 [ 0.        0.99684   0.        0.        0.        0.078928  0.00464   0.007728]
 [-0.093075  0.        0.932105  0.188129  0.295172  0.        0.        0.      ]
 [-0.033442  0.        0.330847 -0.118667 -0.935595  0.        0.        0.      ]
 [ 0.001065  0.       -0.071136 -0.925646  0.371641  0.        0.        0.      ]
 [ 0.       -0.077615  0.        0.        0.        0.943443  0.165819  0.276399]
 [ 0.        0.001816  0.        0.        0.       -0.076381 -0.51392   0.854428]
 [ 0.       -0.017414  0.        0.        0.        0.327497 -0.546145 -0.770822]]
detC 0.9917846285216946
1.0007637671011744
1.0202486532315105
1.116116298018517
1.3906483586707357
2.0158875686679267
3.132984446464604
4.255405370433456
4.631524263816872
xg [1.01586  0.996459 0.910869 0.731051 0.504312 0.324494 0.238904 0.219503]
ciS 1.2353630104584568
[[-0.776883  0.       -0.053365  0.011368  0.01273   0.        0.        0.      ]
 [ 0.       -0.775477  0.        0.        0.       -0.050737 -0.004208 -0.000182]
 [-0.053365  0.       -0.674869 -0.166975 -0.017513  0.        0.        0.      ]
 [ 0.011368  0.       -0.166975  0.334258 -0.13715   0.        0.        0.      ]
 [ 0.01273   0.       -0.017513 -0.13715   0.386587  0.        0.        0.      ]
 [ 0.       -0.050737  0.        0.        0.       -0.689251 -0.036159 -0.186726]
 [ 0.       -0.004208  0.        0.        0.       -0.036159  0.407091 -0.169191]
 [ 0.       -0.000182  0.        0.        0.       -0.186726 -0.169191  0.290375]]
0 -1.276272778678228
1 -1.251992696146676
2 -1.1448786393680046
3 -0.919840472047297
4 -0.6360796318895093
5 -0.411041464568801
6 -0.3039274077901295
7 -0.27964732525857794
ciH -1.5559201039368014
1.0000000000000002 -0.00024148514748024974 -0.02427542342517974j -2.2985086056692694e-17
0.6077372332192083 0.00029467724877410936 -0.00029467724877410946 0.3922627667807919
0.9999999999999999 -0.0012400660470251394 -0.12465830168369675j -3.642919299551295e-17
0.611937479779167 0.00777061497123227 -0.0077706149712322686 0.3880625202208328
1.0 -0.0029300680142583836 -0.2945466520524491j -8.803721640582296e-17
0.6337727336456802 0.043383157766937366 -0.043383157766937366 0.36622726635431974
0.9999999999999998 -0.005161227425820059 -0.5188351435389276j -1.2555061157382141e-16
0.7070562806303473 0.13460827221980032 -0.1346082722198003 0.2929437193696524
0.9999999999999999 -0.007481729038046758 -0.752104807463987j -2.6020852139652106e-17
0.9334579142073561 0.28285880883991993 -0.2828588088399198 0.0665420857926434
1.0 -0.008224821671408826 -0.8268045913108198j -1.6479873021779667e-16
1.543819472585032 0.34183673995208924 -0.34183673995208924 -0.5438194725850323
0.9999999999999998 -0.005172252567537303 -0.5199434517984556j 1.6653345369377348e-16
2.422949156361314 0.13518397263235765 -0.13518397263235765 -1.422949156361314
0.9999999999999999 -0.0011175907408657094 -0.11234640611921959j 5.204170427930421e-17
2.777154251288936 0.006311481988484346 -0.006311481988484345 -1.7771542512889362
S2 = 0.010860
X(g)
[[ 2.        0.        0.00039   0.000067 -0.000009  0.027016  0.001638  0.005671]
 [ 0.        2.       -0.026983 -0.004604  0.000638  0.000391  0.000024  0.000082]
 [ 0.00039   0.026983  0.        0.        0.        0.        0.        0.      ]
 [ 0.000067  0.004604  0.        0.        0.        0.        0.        0.      ]
 [-0.000009 -0.000638  0.        0.        0.        0.        0.        0.      ]
 [-0.027016  0.000391  0.        0.        0.        0.        0.        0.      ]
 [-0.001638  0.000024  0.        0.        0.        0.        0.        0.      ]
 [-0.005671  0.000082  0.        0.        0.        0.        0.        0.      ]]
X(g) int
[[ 2.       -0.        0.330204  0.056343 -0.007806  0.559819  0.033952  0.117502]
 [ 0.        2.       -0.559117 -0.095402  0.013218  0.330618  0.020051  0.069394]
 [ 0.330204  0.559117  0.        0.        0.        0.        0.        0.      ]
 [ 0.056343  0.095402  0.        0.        0.        0.        0.        0.      ]
 [-0.007806 -0.013218  0.        0.        0.        0.        0.        0.      ]
 [-0.559819  0.330618  0.        0.        0.        0.        0.        0.      ]
 [-0.033952  0.020051  0.        0.        0.        0.        0.        0.      ]
 [-0.117502  0.069394  0.        0.        0.        0.        0.        0.      ]]
Feff
[[-0.       -0.       -0.001275 -0.000218  0.00003  -0.000601 -0.000036 -0.000126]
 [ 0.        0.        0.0006    0.000102 -0.000014 -0.001277 -0.000077 -0.000268]
 [ 0.064966  0.02091   0.        0.        0.        0.        0.        0.      ]
 [-0.004366  0.003999  0.        0.        0.        0.        0.        0.      ]
 [-0.042012 -0.068847  0.        0.        0.        0.        0.        0.      ]
 [-0.00504   0.070193  0.        0.        0.        0.        0.        0.      ]
 [-0.011782  0.033197  0.        0.        0.        0.        0.        0.      ]
 [-0.006266 -0.03301   0.        0.        0.        0.        0.        0.      ]]
Feff (ortho)
[[ 0.030688  0.010832  0.013192 -0.016223  0.005211  0.00752   0.001003  0.002834]
 [ 0.010832 -0.023258 -0.011241  0.012558  0.004298  0.00009  -0.001351 -0.002487]
 [ 0.013192 -0.011241 -0.003661  0.00376   0.015245  0.008804 -0.001768 -0.002126]
 [-0.016223  0.012558  0.00376  -0.003769 -0.027478 -0.016359  0.003012  0.003444]
 [ 0.005211  0.004298  0.015245 -0.027478  0.032174 -0.015845  0.016966 -0.015779]
 [ 0.00752   0.00009   0.008804 -0.016359 -0.015845 -0.031445  0.014068 -0.00567 ]
 [ 0.001003 -0.001351 -0.001768  0.003012  0.016966  0.014068 -0.003864 -0.000641]
 [ 0.002834 -0.002487 -0.002126  0.003444 -0.015779 -0.00567  -0.000641  0.003136]]
Hsp + Hph =  -1.2594841279563507
Feff (mod,ortho)
[[-0.254864  0.301653  0.244502  0.01556   0.        0.        0.        0.      ]
 [ 0.301653  0.036554  0.060278  0.343482  0.        0.        0.        0.      ]
 [ 0.244502  0.060278  1.116759  0.054074  0.        0.        0.        0.      ]
 [ 0.01556   0.343482  0.054074  1.109973  0.        0.        0.        0.      ]
 [ 0.        0.        0.        0.       -0.24987  -0.308141  0.225672 -0.0435  ]
 [ 0.        0.        0.        0.       -0.308141  0.014081 -0.063274  0.324284]
 [ 0.        0.        0.        0.        0.225672 -0.063274  1.11818  -0.042492]
 [ 0.        0.        0.        0.       -0.0435    0.324284 -0.042492  1.115225]]
E(SUHF) =    -0.994896
e_a, e_b
[-0.482878  0.109932  1.10157   1.279798] [-0.481412  0.104965  1.105468  1.268595]
P_a, P_b
[[ 0.682341 -0.447134 -0.090584  0.092829]
 [-0.447134  0.293004  0.059359 -0.060831]
 [-0.090584  0.059359  0.012025 -0.012324]
 [ 0.092829 -0.060831 -0.012324  0.012629]] [[ 0.670423  0.457068 -0.07854  -0.076657]
 [ 0.457068  0.311611 -0.053546 -0.052262]
 [-0.07854  -0.053546  0.009201  0.00898 ]
 [-0.076657 -0.052262  0.00898   0.008765]]
**** Cycle 3 ****
dm (ortho)
[array([[ 0.682341, -0.447134, -0.090584,  0.092829],
       [-0.447134,  0.293004,  0.059359, -0.060831],
       [-0.090584,  0.059359,  0.012025, -0.012324],
       [ 0.092829, -0.060831, -0.012324,  0.012629]]), array([[ 0.670423,  0.457068, -0.07854 , -0.076657],
       [ 0.457068,  0.311611, -0.053546, -0.052262],
       [-0.07854 , -0.053546,  0.009201,  0.00898 ],
       [-0.076657, -0.052262,  0.00898 ,  0.008765]])]
Fock (ortho) [[-0.248463  0.316683  0.225282  0.021387]
 [ 0.316683  0.023892  0.072008  0.341741]
 [ 0.225282  0.072008  1.120413  0.052473]
 [ 0.021387  0.341741  0.052473  1.110315]] [[-0.250323 -0.313047  0.215367 -0.024589]
 [-0.313047  0.011468 -0.070016  0.333338]
 [ 0.215367 -0.070016  1.116569 -0.044031]
 [-0.024589  0.333338 -0.044031  1.108901]]
E(UHF) =    -1.259621
NO eigenvalue
[-1.0000000000e+00+0.j  1.6653345369e-16+0.j  3.2140007287e-19+0.j  3.6349829251e-18+0.j] [-1.0000000000e+00+0.j  5.5511151231e-17+0.j -1.4998653552e-18+0.j -2.3609563102e-19+0.j]
NO vec
[[-8.2603955999e-01  0.0000000000e+00 -5.6361214086e-01 -3.3761481069e-03  4.2867744606e-02  0.0000000000e+00  0.0000000000e+00  0.0000000000e+00]
 [ 5.4129866408e-01  0.0000000000e+00 -7.9333654811e-01  9.2380040156e-02 -2.0871799551e-01  0.0000000000e+00  0.0000000000e+00  0.0000000000e+00]
 [ 1.0966032386e-01  0.0000000000e+00 -1.6072003972e-01  4.3596422344e-01  8.3747955412e-01  0.0000000000e+00  0.0000000000e+00  0.0000000000e+00]
 [-1.1237889020e-01  0.0000000000e+00  1.6470441690e-01  8.9520373418e-01 -5.0321680343e-01  0.0000000000e+00  0.0000000000e+00  0.0000000000e+00]
 [ 0.0000000000e+00 -8.1879380324e-01  0.0000000000e+00  0.0000000000e+00  0.0000000000e+00 -5.7408771784e-01  5.3803362875e-04  5.6002207867e-03]
 [ 0.0000000000e+00 -5.5822089189e-01  0.0000000000e+00  0.0000000000e+00  0.0000000000e+00  7.9616370968e-01 -1.1331567841e-01  1.0747698568e-01]
 [ 0.0000000000e+00  9.5921850387e-02  0.0000000000e+00  0.0000000000e+00  0.0000000000e+00 -1.3680873890e-01 -9.4730135968e-01 -2.6262107546e-01]
 [ 0.0000000000e+00  9.3622338419e-02  0.0000000000e+00  0.0000000000e+00  0.0000000000e+00 -1.3352905516e-01  2.9963211026e-01  9.5887825390e-01]]
dm(NO)
[[ 1.0000000000e+00  0.0000000000e+00 -8.5543551409e-17 -1.7997756063e-17  3.5778671692e-17  0.0000000000e+00  0.0000000000e+00  0.0000000000e+00]
 [ 0.0000000000e+00  1.0000000000e+00  0.0000000000e+00  0.0000000000e+00  0.0000000000e+00 -1.8702487475e-18 -3.6320772778e-18  2.0925101929e-17]
 [-1.2373457293e-16  0.0000000000e+00  1.2522535092e-17 -1.3227266504e-17  1.7347234760e-18  0.0000000000e+00  0.0000000000e+00  0.0000000000e+00]
 [-8.4567769454e-18  0.0000000000e+00 -5.6378512969e-18  0.0000000000e+00 -8.6736173799e-19  0.0000000000e+00  0.0000000000e+00  0.0000000000e+00]
 [ 5.9414279052e-17  0.0000000000e+00 -2.1684043450e-19 -8.6736173799e-19  1.3010426070e-18  0.0000000000e+00  0.0000000000e+00  0.0000000000e+00]
 [ 0.0000000000e+00  4.4520051708e-17  0.0000000000e+00  0.0000000000e+00  0.0000000000e+00 -2.4502969098e-17  1.0516761073e-17 -1.4311468677e-17]
 [ 0.0000000000e+00 -1.7347234760e-18  0.0000000000e+00  0.0000000000e+00  0.0000000000e+00  2.6020852140e-18  2.2768245622e-18  0.0000000000e+00]
 [ 0.0000000000e+00  1.1926223897e-17  0.0000000000e+00  0.0000000000e+00  0.0000000000e+00  5.8546917314e-18  2.6020852140e-18  1.7347234760e-18]]
D(g) (NO)
[[ 0.999514  0.011668  0.       -0.        0.        0.028227 -0.006216 -0.002588]
 [-0.011668  0.999514 -0.0282   -0.002396 -0.003575 -0.        0.        0.      ]
 [-0.        0.0282    0.999514  0.005987 -0.076022 -0.009607  0.00908   0.003484]
 [-0.        0.002396  0.005987  0.999514 -0.104746 -0.003233 -0.00484   0.023506]
 [ 0.        0.003575 -0.076022 -0.104746  0.999514 -0.007427 -0.028703 -0.022597]
 [-0.028227 -0.        0.009607  0.003233  0.007427  0.999514 -0.000937 -0.00975 ]
 [ 0.006216  0.       -0.00908   0.00484   0.028703 -0.000937  0.999514  0.523661]
 [ 0.002588 -0.       -0.003484 -0.023506  0.022597 -0.00975   0.523661  0.999514]]
...
N(g) (NO)
[[ 1.00035  -0.011678]
 [ 0.011678  1.00035 ]]
...
P(g) (NO)
[[ 1.        0.       -0.       -0.        0.       -0.       -0.        0.      ]
 [-0.        1.        0.        0.       -0.       -0.       -0.        0.      ]
 [ 0.000329  0.02821  -0.       -0.        0.       -0.       -0.        0.      ]
 [ 0.000028  0.002397 -0.       -0.        0.       -0.       -0.        0.      ]
 [ 0.000042  0.003576 -0.       -0.        0.       -0.       -0.        0.      ]
 [-0.028236  0.00033   0.        0.       -0.       -0.       -0.        0.      ]
 [ 0.006218 -0.000073 -0.       -0.        0.        0.        0.       -0.      ]
 [ 0.002589 -0.00003  -0.       -0.        0.        0.        0.       -0.      ]]
...
Pg_ortho
[[ 0.682493 -0.447234 -0.090604  0.09285   0.0129    0.008794 -0.001511 -0.001475]
 [-0.446913  0.29286   0.05933  -0.0608    0.018755  0.012786 -0.002197 -0.002144]
 [-0.090579  0.059356  0.012025 -0.012323  0.000405  0.000276 -0.000047 -0.000046]
 [ 0.092781 -0.060799 -0.012317  0.012622 -0.004088 -0.002787  0.000479  0.000467]
 [-0.013405  0.008784  0.00178  -0.001824  0.670578  0.457174 -0.078558 -0.076675]
 [ 0.018922 -0.0124   -0.002512  0.002574  0.456849  0.311461 -0.05352  -0.052237]
 [ 0.002236 -0.001466 -0.000297  0.000304 -0.078566 -0.053563  0.009204  0.008983]
 [-0.006704  0.004393  0.00089  -0.000912 -0.07658  -0.052209  0.008971  0.008756]]
G(g) (NO)
[[ 0.281619 -0.00189   0.067289  0.005413 -0.006007  0.000511 -0.000507  0.000248]
 [ 0.001717  0.281621 -0.000533  0.000121 -0.000617  0.058632 -0.00513  -0.011158]
 [ 0.067205 -0.018218  0.923777 -0.184534 -0.077129  0.001339 -0.003683  0.002022]
 [ 0.005411  0.003523 -0.184526  0.818979 -0.049576 -0.00031   0.002113 -0.0016  ]
 [-0.006012  0.000018 -0.07713  -0.049577  0.750707 -0.000202  0.000372 -0.000273]
 [ 0.017445  0.058548 -0.001217  0.000899 -0.005258  0.917773  0.142044  0.161322]
 [-0.000435 -0.00511  -0.000118  0.000685 -0.002399  0.14204   0.801906  0.441477]
 [ 0.000841 -0.011146 -0.000002  0.000758 -0.002732  0.161316  0.441479  0.790727]]
...
C(NO)
[[ 0.998554  0.        0.048767 -0.022584 -0.001481  0.        0.        0.      ]
 [ 0.        0.999317  0.        0.        0.        0.034447  0.000503 -0.013347]
 [-0.041044  0.        0.940026  0.197024  0.275405  0.        0.        0.      ]
 [-0.008808  0.        0.242878  0.197329 -0.949733  0.        0.        0.      ]
 [-0.029356  0.        0.141913 -0.987723 -0.058316  0.        0.        0.      ]
 [ 0.       -0.028781  0.        0.        0.        0.943912  0.160217  0.287284]
 [ 0.        0.020872  0.        0.        0.       -0.32575   0.583129  0.743916]
 [ 0.        0.019811  0.        0.        0.       -0.220307 -0.374214  0.900574]]
detC 0.9978722994045675
1.0008369406396214
1.022230064256073
1.1286617633961529
1.4446721536068972
2.233044007186729
3.9368102746687326
6.181829315904432
7.0995488741783035
xg [1.003429 0.98243  0.889787 0.695154 0.449731 0.255097 0.162455 0.141455]
ciS 1.1448845393832254
[[-0.771004  0.       -0.05788  -0.002456  0.03182   0.        0.        0.      ]
 [ 0.       -0.770217  0.        0.        0.       -0.055139 -0.013156 -0.011741]
 [-0.05788   0.       -0.682309 -0.081421 -0.140193  0.        0.        0.      ]
 [-0.002456  0.       -0.081421  0.386256 -0.088936  0.        0.        0.      ]
 [ 0.03182   0.       -0.140193 -0.088936  0.328845  0.        0.        0.      ]
 [ 0.       -0.055139  0.        0.        0.       -0.693358  0.190699  0.071976]
 [ 0.       -0.013156  0.        0.        0.        0.190699  0.286925  0.176731]
 [ 0.       -0.011741  0.        0.        0.        0.071976  0.176731  0.399541]]
0 -1.2639502168584171
1 -1.2377372697729505
2 -1.122096184171188
3 -0.8791434032437496
4 -0.5727932136050657
5 -0.3298404326776273
6 -0.21419934707586483
7 -0.18798639999039807
ciH -1.4519366168488113
1.0 -0.00045397335487581687 -0.02655966231122933j 1.5959455978986625e-16
0.5701249590902084 0.0003528108769467365 -0.0003528108769467365 0.4298750409097918
1.0 -0.0023355846995192484 -0.13664313169982056j -2.42861286636753e-17
0.5731244466233667 0.009338400198311572 -0.00933840019831157 0.42687555337663347
0.9999999999999999 -0.005569808316746414 -0.3258610366494525j -2.5153490401663703e-17
0.5889803490068077 0.053108218985470544 -0.053108218985470544 0.41101965099319226
1.0 -0.010078900456208156 -0.5896649874057265j 1.470178145890344e-16
0.6452170120292836 0.1739031908033009 -0.17390319080330086 0.3547829879707167
1.0 -0.015579055916995063 -0.9114509912070266j 2.0990154059319366e-16
0.8452449173777593 0.415492808177768 -0.41549280817776807 0.1547550826222406
1.0 -0.019427679151036003 -1.1366142796719305j 2.5500435096859064e-16
1.5688212519376639 0.6461347277356686 -0.6461347277356686 -0.5688212519376638
0.9999999999999999 -0.014124204002719715 -0.8263350364026653j 7.45931094670027e-17
3.130440447677112 0.3415145427626522 -0.3415145427626522 -2.1304404476771115
0.9999999999999998 -0.0032203108115251952 -0.18840393774807848j 1.0408340855860843e-16
3.967921832966474 0.01775320708035233 -0.017753207080352326 -2.967921832966474
S2 = 0.015123
X(g)
[[ 2.        0.        0.000329  0.000028  0.000042  0.028236 -0.006218 -0.002589]
 [-0.        2.       -0.02821  -0.002397 -0.003576  0.00033  -0.000073 -0.00003 ]
 [ 0.000329  0.02821   0.        0.        0.        0.        0.        0.      ]
 [ 0.000028  0.002397  0.        0.        0.        0.        0.        0.      ]
 [ 0.000042  0.003576  0.        0.        0.        0.        0.        0.      ]
 [-0.028236  0.00033   0.        0.        0.        0.        0.        0.      ]
 [ 0.006218 -0.000073  0.        0.        0.        0.        0.        0.      ]
 [ 0.002589 -0.00003   0.        0.        0.        0.        0.        0.      ]]
X(g) int
[[ 2.       -0.        0.296834  0.025217  0.037626  0.623614 -0.137329 -0.057185]
 [-0.        2.       -0.623033 -0.052928 -0.078973  0.29711  -0.065428 -0.027245]
 [ 0.296834  0.623033  0.        0.        0.        0.        0.        0.      ]
 [ 0.025217  0.052928  0.        0.        0.        0.        0.        0.      ]
 [ 0.037626  0.078973  0.        0.        0.        0.        0.        0.      ]
 [-0.623614  0.29711   0.        0.        0.        0.        0.        0.      ]
 [ 0.137329 -0.065428  0.        0.        0.        0.        0.        0.      ]
 [ 0.057185 -0.027245  0.        0.        0.        0.        0.        0.      ]]
Feff
[[ 0.        0.       -0.004172 -0.000354 -0.000529 -0.002578  0.000568  0.000236]
 [-0.        0.        0.002576  0.000219  0.000327 -0.004175  0.00092   0.000383]
 [ 0.04671   0.026628  0.        0.        0.        0.        0.        0.      ]
 [-0.025176 -0.008719  0.        0.        0.        0.        0.        0.      ]
 [ 0.008316 -0.017812  0.        0.        0.        0.        0.        0.      ]
 [-0.006184  0.024185  0.        0.        0.        0.        0.        0.      ]
 [ 0.036168 -0.0177    0.        0.        0.        0.        0.        0.      ]
 [ 0.054537 -0.034911  0.        0.        0.        0.        0.        0.      ]]
Feff (ortho)
[[ 0.019458  0.009209  0.003436  0.009488  0.004821  0.006965  0.018995 -0.027526]
 [ 0.009209 -0.020424 -0.005167 -0.00323   0.009763  0.004246 -0.013961  0.01656 ]
 [ 0.003436 -0.005167 -0.001255 -0.000441  0.009728  0.006144 -0.003736  0.002469]
 [ 0.009488 -0.00323  -0.000441  0.002221 -0.002757 -0.001379  0.002984 -0.003355]
 [ 0.004821  0.009763  0.009728 -0.002757  0.009572 -0.002519 -0.00966   0.016159]
 [ 0.006965  0.004246  0.006144 -0.001379 -0.002519 -0.007883 -0.005526  0.012051]
 [ 0.018995 -0.013961 -0.003736  0.002984 -0.00966  -0.005526  0.002132 -0.000917]
 [-0.027526  0.01656   0.002469 -0.003355  0.016159  0.012051 -0.000917 -0.003821]]
Hsp + Hph =  -1.2681947977313077
Feff (mod,ortho)
[[-0.237771  0.316989  0.24873   0.024741  0.        0.        0.        0.      ]
 [ 0.316989  0.018899  0.055672  0.340538  0.        0.        0.        0.      ]
 [ 0.24873   0.055672  1.113999  0.055411  0.        0.        0.        0.      ]
 [ 0.024741  0.340538  0.055411  1.11103   0.        0.        0.        0.      ]
