N 0.0 0.0 0.0;
N 0.0 0.0 2.0

overwrite output file: test.pylog
[[ 1.        0.194907  0.184225  0.        0.        0.        0.        0.        0.        0.        0.        0.003657  0.        0.       -0.000001
   0.        0.       -0.014252]
 [ 0.194907  1.        0.752192  0.        0.        0.        0.        0.        0.        0.        0.000408  0.031373  0.        0.       -0.00116
   0.        0.       -0.099741]
 [ 0.184225  0.752192  1.        0.        0.        0.        0.        0.        0.        0.003657  0.031373  0.1323    0.        0.       -0.039378
   0.        0.       -0.266096]
 [ 0.        0.        0.        1.        0.        0.        0.516001  0.        0.        0.        0.        0.        0.000201  0.        0.
   0.019578  0.        0.      ]
 [ 0.        0.        0.        0.        1.        0.        0.        0.516001  0.        0.        0.        0.        0.        0.000201  0.
   0.        0.019578  0.      ]
 [ 0.        0.        0.        0.        0.        1.        0.        0.        0.516001  0.000001  0.00116   0.039378  0.        0.       -0.003108
   0.        0.       -0.108262]
 [ 0.        0.        0.        0.516001  0.        0.        1.        0.        0.        0.        0.        0.        0.019578  0.        0.
   0.1323    0.        0.      ]
 [ 0.        0.        0.        0.        0.516001  0.        0.        1.        0.        0.        0.        0.        0.        0.019578  0.
   0.        0.1323    0.      ]
 [ 0.        0.        0.        0.        0.        0.516001  0.        0.        1.        0.014252  0.099741  0.266096  0.        0.       -0.108262
   0.        0.       -0.402901]
 [ 0.        0.        0.003657  0.        0.        0.000001  0.        0.        0.014252  1.        0.194907  0.184225  0.        0.       -0.
   0.        0.       -0.      ]
 [ 0.        0.000408  0.031373  0.        0.        0.00116   0.        0.        0.099741  0.194907  1.        0.752192  0.        0.       -0.
   0.        0.       -0.      ]
 [ 0.003657  0.031373  0.1323    0.        0.        0.039378  0.        0.        0.266096  0.184225  0.752192  1.        0.        0.        0.
   0.        0.        0.      ]
 [ 0.        0.        0.        0.000201  0.        0.        0.019578  0.        0.        0.        0.        0.        1.        0.        0.
   0.516001  0.        0.      ]
 [ 0.        0.        0.        0.        0.000201  0.        0.        0.019578  0.        0.        0.        0.        0.        1.        0.
   0.        0.516001  0.      ]
 [-0.000001 -0.00116  -0.039378  0.        0.       -0.003108  0.        0.       -0.108262 -0.       -0.        0.        0.        0.        1.
   0.        0.        0.516001]
 [ 0.        0.        0.        0.019578  0.        0.        0.1323    0.        0.        0.        0.        0.        0.516001  0.        0.
   1.        0.        0.      ]
 [ 0.        0.        0.        0.        0.019578  0.        0.        0.1323    0.        0.        0.        0.        0.        0.516001  0.
   0.        1.        0.      ]
 [-0.014252 -0.099741 -0.266096  0.        0.       -0.108262  0.        0.       -0.402901 -0.       -0.        0.        0.        0.        0.516001
   0.        0.        1.      ]]
SVD: S^(-1/2)
[[-0.088646  0.157098  0.124759 -0.       -0.        0.        0.        0.13222  -0.703331  0.69128  -0.050099  0.       -0.       -0.       -0.
  -0.046783 -0.024051 -0.033857]
 [-0.229772  0.344015  0.244686 -0.       -0.        0.       -0.        0.13034   0.12889  -0.1843    0.183289  0.        0.        0.        0.
   0.511687  0.975617 -0.967693]
 [-0.275032  0.330162  0.221329 -0.        0.       -0.        0.        0.047379  0.162106 -0.161639 -0.024942 -0.       -0.       -0.       -0.
  -0.322839 -0.933295  1.272031]
 [ 0.        0.       -0.       -0.368791 -0.024824  0.02091   0.443642 -0.       -0.       -0.        0.        0.386437 -0.619276  0.33303  -0.624793
   0.        0.        0.      ]
 [ 0.        0.        0.       -0.024824  0.368791 -0.443642  0.02091   0.        0.        0.       -0.        0.619276  0.386437  0.624793  0.33303
  -0.        0.        0.      ]
 [-0.159225 -0.080228 -0.274924 -0.       -0.        0.        0.        0.530239 -0.072967 -0.118534  0.757918  0.        0.       -0.       -0.
  -0.555418 -0.120623 -0.352385]
 [ 0.        0.       -0.       -0.417065 -0.028074  0.018312  0.388525 -0.       -0.       -0.       -0.       -0.341708  0.547596 -0.380274  0.713428
  -0.        0.       -0.      ]
 [ 0.        0.       -0.       -0.028074  0.417065 -0.388525  0.018312 -0.       -0.       -0.        0.       -0.547596 -0.341708 -0.713428 -0.380274
   0.        0.        0.      ]
 [-0.270043 -0.128693 -0.312465  0.        0.       -0.        0.        0.300819 -0.000866  0.010407 -0.560997 -0.       -0.        0.        0.
   0.828712  0.199431  0.854957]
 [-0.088646 -0.157098  0.124759  0.        0.       -0.       -0.       -0.13222  -0.703331 -0.69128  -0.050099 -0.       -0.        0.        0.
   0.046783 -0.024051  0.033857]
 [-0.229772 -0.344015  0.244686 -0.        0.        0.       -0.       -0.13034   0.12889   0.1843    0.183289 -0.        0.       -0.       -0.
  -0.511687  0.975617  0.967693]
 [-0.275032 -0.330162  0.221329 -0.       -0.        0.        0.       -0.047379  0.162106  0.161639 -0.024942  0.        0.        0.        0.
   0.322839 -0.933295 -1.272031]
 [ 0.        0.       -0.       -0.368791 -0.024824 -0.02091  -0.443642  0.       -0.       -0.        0.        0.386437 -0.619276 -0.33303   0.624793
  -0.        0.        0.      ]
 [ 0.        0.       -0.       -0.024824  0.368791  0.443642 -0.02091   0.        0.       -0.       -0.        0.619276  0.386437 -0.624793 -0.33303
   0.        0.        0.      ]
 [ 0.159225 -0.080228  0.274924  0.       -0.        0.        0.        0.530239  0.072967 -0.118534 -0.757918 -0.       -0.       -0.       -0.
  -0.555418  0.120623 -0.352385]
 [ 0.        0.       -0.       -0.417065 -0.028074 -0.018312 -0.388525  0.       -0.       -0.       -0.       -0.341708  0.547596  0.380274 -0.713428
   0.       -0.        0.      ]
 [ 0.        0.       -0.       -0.028074  0.417065  0.388525 -0.018312  0.        0.        0.        0.       -0.547596 -0.341708  0.713428  0.380274
  -0.       -0.       -0.      ]
 [ 0.270043 -0.128693  0.312465 -0.        0.       -0.        0.        0.300819  0.000866  0.010407  0.560997 -0.        0.       -0.        0.
   0.828712 -0.199431  0.854957]]
S^(1/2)
[[-0.188953 -0.489768 -0.586242  0.        0.       -0.339395  0.        0.       -0.575609 -0.188953 -0.489768 -0.586242  0.        0.        0.339395
   0.        0.        0.575609]
 [ 0.2856    0.625411  0.600225  0.        0.       -0.145852  0.        0.       -0.233961 -0.2856   -0.625411 -0.600225  0.        0.       -0.145852
   0.        0.       -0.233961]
 [ 0.209581  0.411043  0.371807 -0.       -0.       -0.461839 -0.       -0.       -0.524905  0.209581  0.411043  0.371807 -0.       -0.        0.461839
  -0.       -0.        0.524905]
 [-0.       -0.       -0.       -0.592237 -0.039865  0.       -0.669759 -0.045083  0.        0.       -0.       -0.       -0.592237 -0.039865 -0.
  -0.669759 -0.045083 -0.      ]
 [ 0.       -0.        0.       -0.039865  0.592237 -0.       -0.045083  0.669759  0.        0.       -0.       -0.       -0.039865  0.592237  0.
  -0.045083  0.669759  0.      ]
 [-0.       -0.       -0.        0.029996 -0.636425  0.        0.026269 -0.557357 -0.       -0.        0.        0.       -0.029996  0.636425  0.
  -0.026269  0.557357  0.      ]
 [ 0.        0.        0.        0.636425  0.029996  0.        0.557357  0.026269 -0.       -0.        0.        0.       -0.636425 -0.029996  0.
  -0.557357 -0.026269  0.      ]
 [ 0.161891  0.15959   0.058011 -0.       -0.        0.649229 -0.       -0.        0.368325 -0.161891 -0.15959  -0.058011  0.        0.        0.649229
   0.        0.        0.368325]
 [-0.647765  0.118708  0.149299 -0.       -0.       -0.067202 -0.       -0.       -0.000797 -0.647765  0.118708  0.149299 -0.        0.        0.067202
  -0.        0.        0.000797]
 [ 0.626023 -0.166903 -0.14638  -0.       -0.       -0.107345 -0.       -0.        0.009425 -0.626023  0.166903  0.14638  -0.       -0.       -0.107345
  -0.       -0.        0.009425]
 [-0.027055  0.09898  -0.013469  0.       -0.        0.409294 -0.        0.       -0.302952 -0.027055  0.09898  -0.013469 -0.       -0.       -0.409294
  -0.        0.        0.302952]
 [ 0.        0.       -0.        0.203503  0.326119 -0.       -0.179948 -0.288372 -0.       -0.       -0.       -0.        0.203503  0.326119 -0.
  -0.179948 -0.288372 -0.      ]
 [-0.        0.       -0.       -0.326119  0.203503  0.        0.288372 -0.179948 -0.       -0.        0.        0.       -0.326119  0.203503 -0.
   0.288372 -0.179948  0.      ]
 [-0.        0.       -0.        0.144186  0.270505 -0.       -0.16464  -0.30888   0.        0.       -0.        0.       -0.144186 -0.270505 -0.
   0.16464   0.30888   0.      ]
 [-0.        0.       -0.       -0.270505  0.144186 -0.        0.30888  -0.16464   0.       -0.       -0.        0.        0.270505 -0.144186 -0.
  -0.30888   0.16464   0.      ]
 [-0.017155  0.187639 -0.118387  0.       -0.       -0.203675 -0.        0.        0.303894  0.017155 -0.187639  0.118387 -0.        0.       -0.203675
   0.       -0.        0.303894]
 [-0.006404  0.259781 -0.248512  0.        0.       -0.032119  0.        0.        0.053103 -0.006404  0.259781 -0.248512 -0.       -0.        0.032119
  -0.       -0.       -0.053103]
 [-0.004963 -0.141859  0.186473  0.        0.       -0.051658 -0.        0.        0.125332  0.004963  0.141859 -0.186473  0.        0.       -0.051658
   0.        0.        0.125332]]
C (ortho)
[[-0.002348 -0.305881 -0.801419 -0.00002  -0.        0.       -0.50389   0.000036  0.        0.        0.       -0.       -0.000059 -0.042643 -0.
  -0.       -0.091843  0.000007]
 [-0.453487  0.003482 -0.000051  0.873771 -0.        0.        0.000037 -0.109821  0.        0.        0.       -0.        0.04758  -0.000072 -0.
  -0.        0.000002 -0.128596]
 [ 0.002525  0.328912  0.395542  0.000076 -0.       -0.       -0.849989  0.000134  0.        0.        0.       -0.        0.000002  0.0068    0.
   0.        0.113264 -0.000001]
 [ 0.       -0.       -0.       -0.       -0.729184 -0.227951  0.        0.       -0.149371  0.623232 -0.016347 -0.017045 -0.        0.       -0.045077
   0.054851 -0.        0.      ]
 [-0.       -0.        0.       -0.       -0.227947  0.729187  0.        0.        0.62323   0.149375 -0.017031  0.016358  0.       -0.        0.05484
   0.045091 -0.       -0.      ]
 [ 0.       -0.       -0.       -0.       -0.637773 -0.093659  0.       -0.        0.058751 -0.750967  0.022208  0.016827  0.       -0.        0.06462
  -0.110084  0.        0.      ]
 [-0.        0.        0.       -0.       -0.093664  0.637769 -0.       -0.       -0.750973 -0.058745  0.016836 -0.022193 -0.        0.       -0.110068
  -0.064616  0.       -0.      ]
 [-0.241878  0.001857 -0.000042 -0.012104 -0.        0.        0.000132  0.945923 -0.       -0.       -0.        0.       -0.187705  0.000253  0.
   0.        0.00001  -0.106494]
 [-0.006852 -0.892521  0.413441  0.000034 -0.       -0.       -0.13879   0.000036  0.        0.        0.       -0.        0.000064  0.049171  0.
   0.        0.103656 -0.000003]
 [-0.857023  0.006579  0.000038 -0.451815  0.       -0.       -0.000055 -0.202409  0.        0.       -0.       -0.        0.035071 -0.000043 -0.
  -0.       -0.000003  0.138317]
 [-0.000191 -0.0249    0.036008 -0.000011 -0.       -0.        0.017113  0.000005 -0.        0.       -0.        0.       -0.001289 -0.989809 -0.
  -0.        0.134413 -0.000012]
 [ 0.       -0.        0.       -0.        0.003641  0.010923  0.       -0.       -0.084778  0.034832 -0.163962  0.896938  0.       -0.        0.399314
   0.025178 -0.       -0.      ]
 [ 0.       -0.        0.       -0.       -0.010942  0.003653  0.       -0.       -0.034841 -0.084794 -0.896911 -0.163976  0.        0.       -0.02514
   0.399366 -0.       -0.      ]
 [-0.        0.       -0.        0.       -0.020095 -0.016343 -0.        0.        0.066922 -0.094777  0.153716  0.379017 -0.        0.       -0.79263
   0.43626   0.       -0.      ]
 [-0.        0.       -0.        0.       -0.016327  0.020085  0.       -0.       -0.094768 -0.066934  0.379083 -0.15371   0.       -0.        0.436261
   0.7926   -0.       -0.      ]
 [-0.001428  0.000011 -0.000001 -0.066085 -0.       -0.        0.000009  0.162999 -0.       -0.        0.       -0.        0.957414 -0.001246 -0.
  -0.       -0.000024 -0.228953]
 [ 0.00024   0.031309 -0.170423 -0.00002   0.        0.        0.063696 -0.000026 -0.       -0.        0.       -0.        0.000187  0.126467  0.
   0.        0.974641 -0.000015]
 [ 0.035974 -0.000276 -0.000012  0.166955 -0.        0.        0.000033  0.160096 -0.       -0.        0.       -0.        0.211258 -0.000285 -0.
  -0.        0.000014  0.948984]]
[[-0.002348 -0.305881 -0.801419 -0.00002  -0.       -0.        0.50389  -0.000036 -0.        0.       -0.       -0.        0.000059  0.042643  0.
  -0.       -0.091843  0.000007]
 [ 0.453487 -0.003482  0.000051 -0.873771 -0.        0.        0.000037 -0.109821 -0.       -0.       -0.       -0.        0.04758  -0.000072  0.
  -0.       -0.000002  0.128596]
 [ 0.002525  0.328912  0.395542  0.000076 -0.       -0.        0.849989 -0.000134 -0.        0.        0.       -0.       -0.000002 -0.0068   -0.
   0.        0.113264 -0.000001]
 [-0.       -0.       -0.       -0.       -0.729184 -0.227951 -0.        0.       -0.149371  0.623232 -0.016347 -0.017045 -0.        0.       -0.045077
   0.054851 -0.       -0.      ]
 [ 0.       -0.       -0.       -0.       -0.227947  0.729187  0.       -0.        0.62323   0.149375 -0.017031  0.016358 -0.        0.        0.05484
   0.045091  0.        0.      ]
 [-0.        0.       -0.       -0.        0.637773  0.093659 -0.        0.       -0.058751  0.750967 -0.022208 -0.016827 -0.        0.       -0.06462
   0.110084 -0.       -0.      ]
 [ 0.        0.       -0.       -0.        0.093664 -0.637769  0.       -0.        0.750973  0.058745 -0.016836  0.022193 -0.        0.        0.110068
   0.064616  0.        0.      ]
 [ 0.241878 -0.001857  0.000042  0.012104 -0.       -0.        0.000132  0.945923  0.       -0.        0.        0.       -0.187705  0.000253 -0.
  -0.       -0.00001   0.106494]
 [-0.006852 -0.892521  0.413441  0.000034 -0.       -0.        0.13879  -0.000036 -0.        0.       -0.        0.       -0.000064 -0.049171 -0.
   0.        0.103656 -0.000003]
 [ 0.857023 -0.006579 -0.000038  0.451815 -0.        0.       -0.000055 -0.202409 -0.        0.       -0.       -0.        0.035071 -0.000043  0.
   0.        0.000003 -0.138317]
 [-0.000191 -0.0249    0.036008 -0.000011 -0.       -0.       -0.017113 -0.000005 -0.        0.        0.       -0.        0.001289  0.989809  0.
  -0.        0.134413 -0.000012]
 [ 0.       -0.        0.       -0.        0.003641  0.010923 -0.        0.       -0.084778  0.034832 -0.163962  0.896938 -0.       -0.        0.399314
   0.025178  0.        0.      ]
 [-0.       -0.        0.        0.       -0.010942  0.003653 -0.        0.       -0.034841 -0.084794 -0.896911 -0.163976 -0.        0.       -0.02514
   0.399366 -0.        0.      ]
 [ 0.       -0.        0.       -0.        0.020095  0.016343 -0.        0.       -0.066922  0.094777 -0.153716 -0.379017 -0.       -0.        0.79263
  -0.43626   0.        0.      ]
 [-0.       -0.        0.        0.        0.016327 -0.020085 -0.        0.        0.094768  0.066934 -0.379083  0.15371   0.       -0.       -0.436261
  -0.7926   -0.        0.      ]
 [ 0.001428 -0.000011  0.000001  0.066085  0.       -0.        0.000009  0.162999  0.        0.       -0.        0.        0.957414 -0.001246  0.
   0.        0.000024  0.228953]
 [ 0.00024   0.031309 -0.170423 -0.00002   0.        0.       -0.063696  0.000026  0.       -0.       -0.        0.       -0.000187 -0.126467 -0.
   0.        0.974641 -0.000015]
 [-0.035974  0.000276  0.000012 -0.166955 -0.        0.        0.000033  0.160096  0.       -0.       -0.        0.        0.211258 -0.000285  0.
   0.       -0.000014 -0.948984]]
density matrix (ortho)
[[[ 0.989746  0.000005  0.010693 -0.       -0.        0.        0.       -0.000033  0.011617  0.000006 -0.029863  0.       -0.        0.       -0.
   -0.000003  0.094907 -0.00001 ]
  [ 0.000005  0.969138  0.000015 -0.        0.        0.       -0.        0.099119  0.000004 -0.00611  -0.000011 -0.       -0.        0.        0.
   -0.057095 -0.000006  0.129566]
  [ 0.010693  0.000015  0.987125 -0.       -0.        0.        0.       -0.00013  -0.012075  0.000028 -0.008493 -0.       -0.        0.       -0.
   -0.000013 -0.111252 -0.00002 ]
  [-0.       -0.       -0.        0.583671 -0.000004  0.486404 -0.077082 -0.        0.        0.        0.       -0.005145  0.007146  0.018379  0.007327
    0.       -0.       -0.      ]
  [-0.        0.       -0.       -0.000004  0.583673  0.077084  0.486403  0.        0.       -0.       -0.        0.007135  0.005158 -0.007337  0.018368
   -0.        0.        0.      ]
  [ 0.        0.        0.        0.486404  0.077084  0.415526  0.000004 -0.        0.       -0.        0.       -0.003345  0.006636  0.014347  0.008532
    0.       -0.        0.      ]
  [ 0.       -0.        0.       -0.077082  0.486403  0.000004  0.415523  0.        0.        0.       -0.        0.006626  0.003355 -0.008541  0.014339
   -0.        0.        0.      ]
  [-0.000033  0.099119 -0.00013  -0.        0.       -0.        0.        0.058655 -0.000036  0.212776  0.000001 -0.       -0.        0.        0.
    0.001145  0.000016 -0.010723]
  [ 0.011617  0.000004 -0.012075  0.        0.        0.        0.       -0.000036  0.986838  0.000008  0.034737  0.        0.       -0.       -0.
   -0.000004 -0.107245 -0.000004]
  [ 0.000006 -0.00611   0.000028  0.       -0.       -0.        0.        0.212776  0.000008  0.938669  0.000005 -0.       -0.        0.        0.
    0.031083 -0.000001 -0.106265]
  [-0.029863 -0.000011 -0.008493  0.       -0.        0.       -0.        0.000001  0.034737  0.000005  0.002209  0.        0.       -0.       -0.
    0.000001 -0.005826 -0.000002]
  [ 0.       -0.       -0.       -0.005145  0.007135 -0.003345  0.006626 -0.        0.       -0.        0.        0.000133  0.       -0.000252  0.00016
    0.       -0.       -0.      ]
  [-0.       -0.       -0.        0.007146  0.005158  0.006636  0.003355 -0.        0.       -0.        0.        0.        0.000133  0.00016   0.000252
    0.       -0.       -0.      ]
  [ 0.        0.        0.        0.018379 -0.007337  0.014347 -0.008541  0.       -0.        0.       -0.       -0.000252  0.00016   0.000671 -0.
   -0.        0.        0.      ]
  [-0.        0.       -0.        0.007327  0.018368  0.008532  0.014339  0.       -0.        0.       -0.        0.00016   0.000252 -0.        0.00067
   -0.        0.        0.      ]
  [-0.000003 -0.057095 -0.000013  0.       -0.        0.       -0.        0.001145 -0.000004  0.031083  0.000001  0.        0.       -0.       -0.
    0.004369  0.000002 -0.011085]
  [ 0.094907 -0.000006 -0.111252 -0.        0.       -0.        0.        0.000016 -0.107245 -0.000001 -0.005826 -0.       -0.        0.        0.
    0.000002  0.034081  0.000001]
  [-0.00001   0.129566 -0.00002  -0.        0.        0.        0.       -0.010723 -0.000004 -0.106265 -0.000002 -0.       -0.        0.        0.
   -0.011085  0.000001  0.029168]]

 [[ 0.989746 -0.000005  0.010693 -0.        0.       -0.        0.        0.000033  0.011617 -0.000006 -0.029863  0.       -0.        0.        0.
    0.000003  0.094907  0.00001 ]
  [-0.000005  0.969138 -0.000015  0.        0.        0.        0.        0.099119 -0.000004 -0.00611   0.000011  0.       -0.        0.       -0.
   -0.057095  0.000006  0.129566]
  [ 0.010693 -0.000015  0.987125 -0.        0.       -0.        0.        0.00013  -0.012075 -0.000028 -0.008493 -0.       -0.       -0.       -0.
    0.000013 -0.111252  0.00002 ]
  [-0.        0.       -0.        0.583671 -0.000004 -0.486404  0.077082  0.       -0.       -0.        0.       -0.005145  0.007146 -0.018379 -0.007327
   -0.        0.        0.      ]
  [ 0.        0.        0.       -0.000004  0.583673 -0.077084 -0.486403 -0.        0.        0.        0.        0.007135  0.005158  0.007337 -0.018368
   -0.       -0.        0.      ]
  [-0.        0.       -0.       -0.486404 -0.077084  0.415526  0.000004 -0.       -0.       -0.       -0.        0.003345 -0.006636  0.014347  0.008532
   -0.        0.        0.      ]
  [ 0.        0.        0.        0.077082 -0.486403  0.000004  0.415523  0.       -0.       -0.        0.       -0.006626 -0.003355 -0.008541  0.014339
    0.        0.        0.      ]
  [ 0.000033  0.099119  0.00013   0.       -0.       -0.        0.        0.058655  0.000036  0.212776 -0.000001  0.       -0.        0.       -0.
    0.001145 -0.000016 -0.010723]
  [ 0.011617 -0.000004 -0.012075 -0.        0.       -0.       -0.        0.000036  0.986838 -0.000008  0.034737  0.        0.        0.        0.
    0.000004 -0.107245  0.000004]
  [-0.000006 -0.00611  -0.000028 -0.        0.       -0.       -0.        0.212776 -0.000008  0.938669 -0.000005  0.       -0.        0.       -0.
    0.031083  0.000001 -0.106265]
  [-0.029863  0.000011 -0.008493  0.        0.       -0.        0.       -0.000001  0.034737 -0.000005  0.002209  0.        0.       -0.        0.
   -0.000001 -0.005826  0.000002]
  [ 0.        0.       -0.       -0.005145  0.007135  0.003345 -0.006626  0.        0.        0.        0.        0.000133  0.        0.000252 -0.00016
   -0.       -0.        0.      ]
  [-0.       -0.       -0.        0.007146  0.005158 -0.006636 -0.003355 -0.        0.       -0.        0.        0.        0.000133 -0.00016  -0.000252
    0.       -0.       -0.      ]
  [ 0.        0.       -0.       -0.018379  0.007337  0.014347 -0.008541  0.        0.        0.       -0.        0.000252 -0.00016   0.000671 -0.
   -0.       -0.       -0.      ]
  [ 0.       -0.       -0.       -0.007327 -0.018368  0.008532  0.014339 -0.        0.       -0.        0.       -0.00016  -0.000252 -0.        0.00067
    0.       -0.       -0.      ]
  [ 0.000003 -0.057095  0.000013 -0.       -0.       -0.        0.        0.001145  0.000004  0.031083 -0.000001 -0.        0.       -0.        0.
    0.004369 -0.000002 -0.011085]
  [ 0.094907  0.000006 -0.111252  0.       -0.        0.        0.       -0.000016 -0.107245  0.000001 -0.005826 -0.       -0.       -0.       -0.
   -0.000002  0.034081 -0.000001]
  [ 0.00001   0.129566  0.00002   0.        0.        0.        0.       -0.010723  0.000004 -0.106265  0.000002  0.       -0.       -0.       -0.
   -0.011085 -0.000001  0.029168]]]
[0.062377 0.319396 0.745292 1.282658 1.858935 2.396301 2.822197 3.079216] [0.159009 0.349315 0.492769 0.569702 0.569702 0.492769 0.349315 0.159009]
S = 0.0, Sz = 0.0
Wigner small d:  1
value : [1. 1. 1. 1. 1. 1. 1. 1.]
**** Cycle 1 ****
dm (ortho)
[[[ 0.989746  0.000005  0.010693 -0.       -0.        0.        0.       -0.000033  0.011617  0.000006 -0.029863  0.       -0.        0.       -0.
   -0.000003  0.094907 -0.00001 ]
  [ 0.000005  0.969138  0.000015 -0.        0.        0.       -0.        0.099119  0.000004 -0.00611  -0.000011 -0.       -0.        0.        0.
   -0.057095 -0.000006  0.129566]
  [ 0.010693  0.000015  0.987125 -0.       -0.        0.        0.       -0.00013  -0.012075  0.000028 -0.008493 -0.       -0.        0.       -0.
   -0.000013 -0.111252 -0.00002 ]
  [-0.       -0.       -0.        0.583671 -0.000004  0.486404 -0.077082 -0.        0.        0.        0.       -0.005145  0.007146  0.018379  0.007327
    0.       -0.       -0.      ]
  [-0.        0.       -0.       -0.000004  0.583673  0.077084  0.486403  0.        0.       -0.       -0.        0.007135  0.005158 -0.007337  0.018368
   -0.        0.        0.      ]
  [ 0.        0.        0.        0.486404  0.077084  0.415526  0.000004 -0.        0.       -0.        0.       -0.003345  0.006636  0.014347  0.008532
    0.       -0.        0.      ]
  [ 0.       -0.        0.       -0.077082  0.486403  0.000004  0.415523  0.        0.        0.       -0.        0.006626  0.003355 -0.008541  0.014339
   -0.        0.        0.      ]
  [-0.000033  0.099119 -0.00013  -0.        0.       -0.        0.        0.058655 -0.000036  0.212776  0.000001 -0.       -0.        0.        0.
    0.001145  0.000016 -0.010723]
  [ 0.011617  0.000004 -0.012075  0.        0.        0.        0.       -0.000036  0.986838  0.000008  0.034737  0.        0.       -0.       -0.
   -0.000004 -0.107245 -0.000004]
  [ 0.000006 -0.00611   0.000028  0.       -0.       -0.        0.        0.212776  0.000008  0.938669  0.000005 -0.       -0.        0.        0.
    0.031083 -0.000001 -0.106265]
  [-0.029863 -0.000011 -0.008493  0.       -0.        0.       -0.        0.000001  0.034737  0.000005  0.002209  0.        0.       -0.       -0.
    0.000001 -0.005826 -0.000002]
  [ 0.       -0.       -0.       -0.005145  0.007135 -0.003345  0.006626 -0.        0.       -0.        0.        0.000133  0.       -0.000252  0.00016
    0.       -0.       -0.      ]
  [-0.       -0.       -0.        0.007146  0.005158  0.006636  0.003355 -0.        0.       -0.        0.        0.        0.000133  0.00016   0.000252
    0.       -0.       -0.      ]
  [ 0.        0.        0.        0.018379 -0.007337  0.014347 -0.008541  0.       -0.        0.       -0.       -0.000252  0.00016   0.000671 -0.
   -0.        0.        0.      ]
  [-0.        0.       -0.        0.007327  0.018368  0.008532  0.014339  0.       -0.        0.       -0.        0.00016   0.000252 -0.        0.00067
   -0.        0.        0.      ]
  [-0.000003 -0.057095 -0.000013  0.       -0.        0.       -0.        0.001145 -0.000004  0.031083  0.000001  0.        0.       -0.       -0.
    0.004369  0.000002 -0.011085]
  [ 0.094907 -0.000006 -0.111252 -0.        0.       -0.        0.        0.000016 -0.107245 -0.000001 -0.005826 -0.       -0.        0.        0.
    0.000002  0.034081  0.000001]
  [-0.00001   0.129566 -0.00002  -0.        0.        0.        0.       -0.010723 -0.000004 -0.106265 -0.000002 -0.       -0.        0.        0.
   -0.011085  0.000001  0.029168]]

 [[ 0.989746 -0.000005  0.010693 -0.        0.       -0.        0.        0.000033  0.011617 -0.000006 -0.029863  0.       -0.        0.        0.
    0.000003  0.094907  0.00001 ]
  [-0.000005  0.969138 -0.000015  0.        0.        0.        0.        0.099119 -0.000004 -0.00611   0.000011  0.       -0.        0.       -0.
   -0.057095  0.000006  0.129566]
  [ 0.010693 -0.000015  0.987125 -0.        0.       -0.        0.        0.00013  -0.012075 -0.000028 -0.008493 -0.       -0.       -0.       -0.
    0.000013 -0.111252  0.00002 ]
  [-0.        0.       -0.        0.583671 -0.000004 -0.486404  0.077082  0.       -0.       -0.        0.       -0.005145  0.007146 -0.018379 -0.007327
   -0.        0.        0.      ]
  [ 0.        0.        0.       -0.000004  0.583673 -0.077084 -0.486403 -0.        0.        0.        0.        0.007135  0.005158  0.007337 -0.018368
   -0.       -0.        0.      ]
  [-0.        0.       -0.       -0.486404 -0.077084  0.415526  0.000004 -0.       -0.       -0.       -0.        0.003345 -0.006636  0.014347  0.008532
   -0.        0.        0.      ]
  [ 0.        0.        0.        0.077082 -0.486403  0.000004  0.415523  0.       -0.       -0.        0.       -0.006626 -0.003355 -0.008541  0.014339
    0.        0.        0.      ]
  [ 0.000033  0.099119  0.00013   0.       -0.       -0.        0.        0.058655  0.000036  0.212776 -0.000001  0.       -0.        0.       -0.
    0.001145 -0.000016 -0.010723]
  [ 0.011617 -0.000004 -0.012075 -0.        0.       -0.       -0.        0.000036  0.986838 -0.000008  0.034737  0.        0.        0.        0.
    0.000004 -0.107245  0.000004]
  [-0.000006 -0.00611  -0.000028 -0.        0.       -0.       -0.        0.212776 -0.000008  0.938669 -0.000005  0.       -0.        0.       -0.
    0.031083  0.000001 -0.106265]
  [-0.029863  0.000011 -0.008493  0.        0.       -0.        0.       -0.000001  0.034737 -0.000005  0.002209  0.        0.       -0.        0.
   -0.000001 -0.005826  0.000002]
  [ 0.        0.       -0.       -0.005145  0.007135  0.003345 -0.006626  0.        0.        0.        0.        0.000133  0.        0.000252 -0.00016
   -0.       -0.        0.      ]
  [-0.       -0.       -0.        0.007146  0.005158 -0.006636 -0.003355 -0.        0.       -0.        0.        0.        0.000133 -0.00016  -0.000252
    0.       -0.       -0.      ]
  [ 0.        0.       -0.       -0.018379  0.007337  0.014347 -0.008541  0.        0.        0.       -0.        0.000252 -0.00016   0.000671 -0.
   -0.       -0.       -0.      ]
  [ 0.       -0.       -0.       -0.007327 -0.018368  0.008532  0.014339 -0.        0.       -0.        0.       -0.00016  -0.000252 -0.        0.00067
    0.       -0.       -0.      ]
  [ 0.000003 -0.057095  0.000013 -0.       -0.       -0.        0.        0.001145  0.000004  0.031083 -0.000001 -0.        0.       -0.        0.
    0.004369 -0.000002 -0.011085]
  [ 0.094907  0.000006 -0.111252  0.       -0.        0.        0.       -0.000016 -0.107245  0.000001 -0.005826 -0.       -0.       -0.       -0.
   -0.000002  0.034081 -0.000001]
  [ 0.00001   0.129566  0.00002   0.        0.        0.        0.       -0.010723  0.000004 -0.106265  0.000002  0.       -0.       -0.       -0.
   -0.011085 -0.000001  0.029168]]]
Fock (ortho) [[ -2.214658  -0.000005   1.700868  -0.         0.        -0.         0.         0.00003   -3.969375  -0.000003  -0.047286  -0.         0.         0.
   -0.        -0.000004  -0.148692   0.000006]
 [ -0.000005  -3.863682  -0.000032   0.         0.         0.        -0.        -1.694988  -0.000006  -5.746108   0.000019   0.         0.         0.
   -0.         0.172888   0.000005  -0.145009]
 [  1.700868  -0.000032  -2.130343   0.        -0.        -0.        -0.         0.000084   4.387049  -0.00001    0.137197   0.         0.        -0.
    0.        -0.000006   0.13325    0.000006]
 [ -0.         0.         0.        -0.251453  -0.000001  -0.330381   0.052357   0.        -0.         0.        -0.        -0.032778   0.045413   0.057003
    0.02275   -0.        -0.        -0.      ]
 [  0.         0.        -0.        -0.000001  -0.251454  -0.052358  -0.330381  -0.         0.         0.        -0.         0.045419   0.032771  -0.02274
    0.057011   0.        -0.         0.      ]
 [ -0.         0.        -0.        -0.330381  -0.052358  -0.126444  -0.000003   0.        -0.        -0.         0.         0.045559  -0.090165  -0.129861
   -0.077277   0.         0.         0.      ]
 [  0.        -0.        -0.         0.052357  -0.330381  -0.000003  -0.126443  -0.         0.        -0.         0.        -0.090156  -0.045568   0.077284
   -0.129856   0.        -0.         0.      ]
 [  0.00003   -1.694988   0.000084   0.        -0.         0.        -0.        -0.748104   0.000021  -3.304347  -0.000025  -0.        -0.         0.
   -0.        -0.190513   0.000002  -0.135089]
 [ -3.969375  -0.000006   4.387049  -0.         0.        -0.         0.         0.000021 -12.601199  -0.000005  -0.405988  -0.        -0.         0.
   -0.        -0.000001   0.705294  -0.000002]
 [ -0.000003  -5.746108  -0.00001    0.         0.        -0.        -0.        -3.304347  -0.000005 -11.605761  -0.000003  -0.         0.         0.
   -0.        -0.07436   -0.000005   0.858101]
 [ -0.047286   0.000019   0.137197  -0.        -0.         0.         0.        -0.000025  -0.405988  -0.000003   1.427004  -0.         0.         0.
   -0.         0.000014   0.076269   0.000002]
 [ -0.         0.         0.        -0.032778   0.045419   0.045559  -0.090156  -0.        -0.        -0.        -0.         1.266205  -0.000001  -0.051887
    0.032971  -0.        -0.        -0.      ]
 [  0.         0.         0.         0.045413   0.032771  -0.090165  -0.045568  -0.        -0.         0.         0.        -0.000001   1.2662     0.032971
    0.051889  -0.        -0.        -0.      ]
 [  0.         0.        -0.         0.057003  -0.02274   -0.129861   0.077284   0.         0.         0.         0.        -0.051887   0.032971   1.394004
   -0.000001  -0.        -0.        -0.      ]
 [ -0.        -0.         0.         0.02275    0.057011  -0.077277  -0.129856  -0.        -0.        -0.        -0.         0.032971   0.051889  -0.000001
    1.394001  -0.         0.        -0.      ]
 [ -0.000004   0.172888  -0.000006  -0.         0.         0.         0.        -0.190513  -0.000001  -0.07436    0.000014  -0.        -0.        -0.
   -0.         1.42291   -0.000008  -0.196583]
 [ -0.148692   0.000005   0.13325   -0.        -0.         0.        -0.         0.000002   0.705294  -0.000005   0.076269  -0.        -0.        -0.
    0.        -0.000008   1.699847   0.      ]
 [  0.000006  -0.145009   0.000006  -0.         0.         0.         0.        -0.135089  -0.000002   0.858101   0.000002  -0.        -0.        -0.
   -0.        -0.196583   0.         2.083852]] [[ -2.214658   0.000005   1.700868  -0.        -0.         0.        -0.        -0.00003   -3.969375   0.000003  -0.047286  -0.        -0.         0.
   -0.         0.000004  -0.148692  -0.000006]
 [  0.000005  -3.863682   0.000032   0.         0.        -0.        -0.        -1.694988   0.000006  -5.746108  -0.000019  -0.         0.         0.
    0.         0.172888  -0.000005  -0.145009]
 [  1.700868   0.000032  -2.130343   0.        -0.         0.        -0.        -0.000084   4.387049   0.00001    0.137197  -0.         0.        -0.
    0.         0.000006   0.13325   -0.000006]
 [ -0.         0.         0.        -0.251453  -0.000001   0.330381  -0.052357   0.        -0.         0.        -0.        -0.032778   0.045413  -0.057003
   -0.02275    0.        -0.        -0.      ]
 [ -0.         0.        -0.        -0.000001  -0.251454   0.052358   0.330381   0.         0.         0.        -0.         0.045419   0.032771   0.02274
   -0.057011   0.         0.         0.      ]
 [  0.        -0.         0.         0.330381   0.052358  -0.126444  -0.000003   0.         0.         0.         0.        -0.045559   0.090165  -0.129861
   -0.077277  -0.        -0.        -0.      ]
 [ -0.        -0.        -0.        -0.052357   0.330381  -0.000003  -0.126443  -0.         0.        -0.        -0.         0.090156   0.045568   0.077284
   -0.129856  -0.        -0.         0.      ]
 [ -0.00003   -1.694988  -0.000084   0.         0.         0.        -0.        -0.748104  -0.000021  -3.304347   0.000025   0.         0.         0.
   -0.        -0.190513  -0.000002  -0.135089]
 [ -3.969375   0.000006   4.387049  -0.         0.         0.         0.        -0.000021 -12.601199   0.000005  -0.405988   0.        -0.         0.
   -0.         0.000001   0.705294   0.000002]
 [  0.000003  -5.746108   0.00001    0.         0.         0.        -0.        -3.304347   0.000005 -11.605761   0.000003  -0.         0.         0.
   -0.        -0.07436    0.000005   0.858101]
 [ -0.047286  -0.000019   0.137197  -0.        -0.         0.        -0.         0.000025  -0.405988   0.000003   1.427004   0.         0.         0.
    0.        -0.000014   0.076269  -0.000002]
 [ -0.        -0.        -0.        -0.032778   0.045419  -0.045559   0.090156   0.         0.        -0.         0.         1.266205  -0.000001   0.051887
   -0.032971  -0.        -0.        -0.      ]
 [ -0.         0.         0.         0.045413   0.032771   0.090165   0.045568   0.        -0.         0.         0.        -0.000001   1.2662    -0.032971
   -0.051889  -0.         0.        -0.      ]
 [  0.         0.        -0.        -0.057003   0.02274   -0.129861   0.077284   0.         0.         0.         0.         0.051887  -0.032971   1.394004
   -0.000001  -0.        -0.        -0.      ]
 [ -0.         0.         0.        -0.02275   -0.057011  -0.077277  -0.129856  -0.        -0.        -0.         0.        -0.032971  -0.051889  -0.000001
    1.394001  -0.         0.        -0.      ]
 [  0.000004   0.172888   0.000006   0.         0.        -0.        -0.        -0.190513   0.000001  -0.07436   -0.000014  -0.        -0.        -0.
   -0.         1.42291    0.000008  -0.196583]
 [ -0.148692  -0.000005   0.13325   -0.         0.        -0.        -0.        -0.000002   0.705294   0.000005   0.076269  -0.         0.        -0.
    0.         0.000008   1.699847  -0.      ]
 [ -0.000006  -0.145009  -0.000006  -0.         0.        -0.         0.        -0.135089   0.000002   0.858101  -0.000002  -0.        -0.        -0.
   -0.        -0.196583  -0.         2.083852]]
E(UHF) =  -120.994570
[[-0.942675 -0.       -0.069102 ...  0.        0.        0.      ]
 [-0.093952 -0.        0.525964 ...  0.        0.        0.      ]
 [-0.134815  0.       -0.080871 ...  0.        0.        0.      ]
 ...
 [ 0.        0.        0.       ...  0.060288 -0.015565 -0.002232]
 [ 0.        0.        0.       ...  0.110791  0.146885  0.921637]
 [ 0.        0.        0.       ...  0.965142 -0.000819 -0.116246]]
dm(NO)
[[ 1. -0. -0. ...  0.  0.  0.]
 [-0.  1.  0. ...  0.  0.  0.]
 [-0.  0.  1. ...  0.  0.  0.]
 ...
 [ 0.  0.  0. ... -0. -0.  0.]
 [ 0.  0.  0. ... -0. -0.  0.]
 [ 0.  0.  0. ...  0.  0. -0.]]
D(g) (NO)
[[ 0.999514  0.       -0.       ...  0.000001 -0.       -0.      ]
 [ 0.        0.999514 -0.       ...  0.001725 -0.010861  0.001989]
 [-0.       -0.        0.999514 ...  0.       -0.       -0.      ]
 ...
 [-0.000001 -0.001725 -0.       ...  0.999514 -0.        0.      ]
 [ 0.        0.010861  0.       ... -0.        0.999514  0.      ]
 [ 0.       -0.001989  0.       ...  0.        0.        0.999514]]
...
N(g) (NO)
[[ 0.999514 -0.        0.       -0.       -0.       -0.       -0.       -0.030519  0.        0.000578 -0.00184  -0.003134 -0.        0.005237]
 [-0.        1.000459  0.       -0.       -0.       -0.       -0.       -0.       -0.005048  0.        0.       -0.       -0.001372  0.      ]
 [ 0.        0.        0.999514 -0.       -0.        0.       -0.       -0.000666 -0.       -0.027957 -0.012605  0.005194  0.       -0.002119]
 [-0.       -0.       -0.        0.999514  0.       -0.        0.        0.001697 -0.       -0.012915  0.022921 -0.007642 -0.        0.014797]
 [-0.       -0.       -0.        0.        0.999514 -0.        0.        0.003244  0.        0.004745 -0.008371  0.015799 -0.        0.024894]
 [-0.       -0.        0.       -0.       -0.        1.000459 -0.        0.       -0.001372  0.        0.        0.        0.005049  0.      ]
 [-0.       -0.       -0.        0.        0.       -0.        0.999514 -0.005208  0.       -0.001063  0.014653  0.025052  0.       -0.010091]
 [ 0.030519  0.        0.000666 -0.001697 -0.003244 -0.        0.005208  0.999514  0.       -0.        0.        0.        0.        0.      ]
 [-0.        0.005048  0.        0.       -0.        0.001372 -0.        0.        1.000459 -0.        0.       -0.        0.        0.      ]
 [-0.000578 -0.        0.027957  0.012915 -0.004745 -0.        0.001063 -0.       -0.        0.999514 -0.       -0.        0.       -0.      ]
 [ 0.00184  -0.        0.012605 -0.022921  0.008371 -0.       -0.014653  0.        0.       -0.        0.999514  0.        0.        0.      ]
 [ 0.003134  0.       -0.005194  0.007642 -0.015799 -0.       -0.025052  0.       -0.       -0.        0.        0.999514 -0.        0.      ]
