H 0.0 0.0 0.0;
H 0.0 0.0 2.0

overwrite output file: test.pylog
[[1.         0.64589812 0.00227256 0.07465654]
 [0.64589812 1.         0.07465654 0.27025806]
 [0.00227256 0.07465654 1.         0.64589812]
 [0.07465654 0.27025806 0.64589812 1.        ]]
SVD: S^(-1/2)
[[-0.33060027  0.46012716 -0.85621857  0.83453548]
 [-0.39774552  0.36468655  0.7116764  -1.05293832]
 [-0.33060027 -0.46012716 -0.85621857 -0.83453548]
 [-0.39774552 -0.36468655  0.7116764   1.05293832]]
S^(1/2)
[[-0.61794897 -0.74345502 -0.61794897 -0.74345502]
 [ 0.66740562  0.52897084 -0.66740562 -0.52897084]
 [-0.34536263  0.28706038 -0.34536263  0.28706038]
 [ 0.2311568  -0.29165189 -0.2311568   0.29165189]]
C (ortho)
[[-0.80171205 -0.5700936  -0.09238963 -0.15399753]
 [ 0.58103285 -0.7590264   0.10126793 -0.2757255 ]
 [ 0.08280282  0.16885235 -0.7917787  -0.58113601]
 [-0.11314732  0.26525666  0.59522722 -0.75002743]]
[[-0.80171205 -0.5700936  -0.09238963 -0.15399753]
 [-0.58103285  0.7590264  -0.10126793  0.2757255 ]
 [ 0.08280282  0.16885235 -0.7917787  -0.58113601]
 [ 0.11314732 -0.26525666 -0.59522722  0.75002743]]
density matrix (ortho)
[[[ 0.64274221 -0.46582103 -0.06638402  0.09071157]
  [-0.46582103  0.33759917  0.04811116 -0.06574231]
  [-0.06638402  0.04811116  0.00685631 -0.00936892]
  [ 0.09071157 -0.06574231 -0.00936892  0.01280232]]

 [[ 0.64274221  0.46582103 -0.06638402 -0.09071157]
  [ 0.46582103  0.33759917 -0.04811116 -0.06574231]
  [-0.06638402 -0.04811116  0.00685631  0.00936892]
  [-0.09071157 -0.06574231  0.00936892  0.01280232]]]
[0.06237655 0.31939555 0.74529195 1.28265786 1.85893479 2.39630071 2.8221971  3.07921611] [0.15900941 0.34931531 0.49276925 0.56970235 0.56970235 0.49276925 0.34931531 0.15900941]
S = 0.0, Sz = 0.0
Wigner small d:  1
value : [1. 1. 1. 1. 1. 1. 1. 1.]
**** Cycle 1 ****
dm (ortho)
[[[ 0.64274221 -0.46582103 -0.06638402  0.09071157]
  [-0.46582103  0.33759917  0.04811116 -0.06574231]
  [-0.06638402  0.04811116  0.00685631 -0.00936892]
  [ 0.09071157 -0.06574231 -0.00936892  0.01280232]]

 [[ 0.64274221  0.46582103 -0.06638402 -0.09071157]
  [ 0.46582103  0.33759917 -0.04811116 -0.06574231]
  [-0.06638402 -0.04811116  0.00685631  0.00936892]
  [-0.09071157 -0.06574231  0.00936892  0.01280232]]]
Fock (ortho) [[-0.23888808  0.32641269  0.21636534  0.02458361]
 [ 0.32641269  0.01106862  0.07806087  0.33962982]
 [ 0.21636534  0.07806087  1.122016    0.05065254]
 [ 0.02458361  0.33962982  0.05065254  1.11261248]] [[-0.23888808 -0.32641269  0.21636534 -0.02458361]
 [-0.32641269  0.01106862 -0.07806087  0.33962982]
 [ 0.21636534 -0.07806087  1.122016   -0.05065254]
 [-0.02458361  0.33962982 -0.05065254  1.11261248]]
E(UHF) =    -1.261600
NO eigenvalue
[-1. -0. -0.  0.] [-1. -0. -0.  0.]
NO vec
[[ 0.80171205  0.         -0.10999531  0.03239952  0.58660813  0.          0.          0.        ]
 [-0.58103285  0.          0.03954722  0.18666057  0.79119826  0.          0.          0.        ]
 [-0.08280282  0.         -0.95089931  0.28701011 -0.08099007  0.          0.          0.        ]
 [ 0.11314732  0.          0.28657904  0.93900655 -0.15276397  0.          0.          0.        ]
 [ 0.          0.80171205  0.          0.          0.          0.59471628  0.03954238  0.0447967 ]
 [ 0.          0.58103285  0.          0.          0.         -0.78948661  0.18178669 -0.0778802 ]
 [ 0.         -0.08280282  0.          0.          0.          0.01153118  0.64144567  0.76259962]
 [ 0.         -0.11314732  0.          0.          0.          0.15129599  0.74426975 -0.64060108]]
dm(NO)
[[ 1.  0.  0.  0. -0.  0.  0.  0.]
 [ 0.  1.  0.  0.  0. -0.  0. -0.]
 [ 0.  0.  0. -0. -0.  0.  0.  0.]
 [ 0.  0. -0. -0.  0.  0.  0.  0.]
 [-0.  0. -0.  0.  0.  0.  0.  0.]
 [ 0. -0.  0.  0.  0.  0. -0. -0.]
 [ 0.  0.  0.  0.  0. -0. -0. -0.]
 [ 0. -0.  0.  0.  0. -0. -0. -0.]]
D(g) (NO)
[[ 0.99951369  0.00932993  0.          0.         -0.          0.02967622 -0.00133538 -0.00169832]
 [-0.00932993  0.99951369  0.0005892  -0.00013782 -0.0297486  -0.          0.         -0.        ]
 [ 0.         -0.0005892   0.99951369  0.         -0.         -0.00200336 -0.01228053 -0.02858708]
 [ 0.          0.00013782 -0.          0.99951369  0.          0.00053885  0.02863209 -0.01234046]
 [ 0.          0.0297486  -0.          0.          0.99951369 -0.0093494   0.00004294  0.00002361]
 [-0.02967622 -0.          0.00200336 -0.00053885  0.0093494   0.99951369 -0.          0.        ]
 [ 0.00133538  0.          0.01228053 -0.02863209 -0.00004294 -0.          0.99951369 -0.        ]
 [ 0.00169832 -0.          0.02858708  0.01234046 -0.00002361  0.         -0.          0.99951369]]
...
N(g) (NO)
[[ 1.00039938 -0.00933819]
 [ 0.00933819  1.00039938]]
...
P(g) (NO)
[[ 1.          0.          0.          0.         -0.         -0.          0.         -0.        ]
 [-0.          1.         -0.         -0.          0.         -0.          0.         -0.        ]
 [-0.0000055  -0.00058944 -0.         -0.          0.          0.         -0.          0.        ]
 [ 0.00000129  0.00013787  0.          0.         -0.         -0.          0.         -0.        ]
 [ 0.0002778   0.02976048  0.          0.         -0.         -0.          0.         -0.        ]
 [-0.02968807  0.00027712 -0.         -0.          0.         -0.          0.         -0.        ]
 [ 0.00133592 -0.00001247  0.          0.         -0.          0.         -0.          0.        ]
 [ 0.001699   -0.00001586  0.          0.         -0.          0.         -0.          0.        ]]
...
Pg_ortho
[[ 0.64287337 -0.46591609 -0.06639757  0.09073008  0.01405164  0.01018379 -0.00145129 -0.00198314]
 [-0.4656448   0.33747145  0.04809296 -0.06571744  0.01887941  0.01368267 -0.00194991 -0.00266449]
 [-0.06639757  0.04812098  0.00685771 -0.00937083 -0.00145129 -0.00105181  0.00014989  0.00020482]
 [ 0.09067726 -0.06571744 -0.00936537  0.01279747 -0.00367648 -0.00266449  0.00037972  0.00051887]
 [-0.01405164  0.01018379  0.00145129 -0.00198314  0.64287337  0.46591609 -0.06639757 -0.09073008]
 [ 0.01887941 -0.01368267 -0.00194991  0.00266449  0.4656448   0.33747145 -0.04809296 -0.06571744]
 [ 0.00145129 -0.00105181 -0.00014989  0.00020482 -0.06639757 -0.04812098  0.00685771  0.00937083]
 [-0.00367648  0.00266449  0.00037972 -0.00051887 -0.09067726 -0.06571744  0.00936537  0.01279747]]
G(g) (NO)
[[ 0.27295492 -0.00158115 -0.01171154 -0.00385045  0.05291091  0.00041671 -0.00058603 -0.00004568]
 [ 0.00158115  0.27295492 -0.00047714 -0.00029422 -0.00045269  0.05361191  0.00876865 -0.00065134]
 [-0.01171367  0.00320332  0.79457798 -0.07809457 -0.08383348 -0.00065583  0.0024748   0.00038695]
 [-0.00385657 -0.0046744  -0.07809466  0.83381674  0.17368428  0.00050728 -0.00397581 -0.00054276]
 [ 0.05284015 -0.01863761 -0.08383432  0.17368957  0.87848985  0.00146715 -0.00521348 -0.00100165]
 [ 0.01897104  0.05354147 -0.00504182 -0.00218953 -0.00192658  0.90260217 -0.03319795  0.19101342]
 [-0.00098232  0.00877796  0.00038277  0.00019578 -0.00015563 -0.03319578  0.73820834  0.00424552]
 [ 0.00431355 -0.00065022 -0.00384855 -0.00187523 -0.00096801  0.19100854  0.00424606  0.86607407]]
...
C(NO)
[[-1.          0.         -0.          0.          0.          0.          0.          0.        ]
 [ 0.         -1.          0.          0.          0.         -0.          0.          0.        ]
 [-0.          0.         -0.05185435  0.93764876  0.34369452  0.          0.          0.        ]
 [-0.          0.          0.13738901  0.34758312 -0.9275291   0.          0.          0.        ]
 [ 0.          0.         -0.98915893 -0.00087657 -0.14684632  0.          0.          0.        ]
 [ 0.          0.          0.          0.          0.         -0.97647032 -0.07418158 -0.20249147]
 [ 0.          0.          0.          0.          0.          0.02632514 -0.9729551   0.22948934]
 [ 0.          0.          0.          0.          0.          0.214039   -0.21875892 -0.95201462]]
detC 0.9999999998017288
1.0008861308793904
1.0235661967319372
1.1372538683030484
1.483406179091388
2.407349178800653
4.757199301080163
8.885533889441655
11.061432195897762
xg [0.99911465 0.97697638 0.87931114 0.6741242  0.41539466 0.21020772 0.11254248 0.09040421]
ciS 1.0895188605470811
[[-0.76727014  0.          0.0117071   0.00384772 -0.0529147   0.          0.          0.        ]
 [ 0.         -0.76727014  0.          0.          0.         -0.05361537 -0.00876323  0.00065174]
 [ 0.0117071   0.          0.32355875  0.0268763   0.0244107   0.          0.          0.        ]
 [ 0.00384772  0.          0.0268763   0.40395857 -0.01577637  0.          0.          0.        ]
 [-0.0529147   0.          0.0244107  -0.01577637 -0.73328004  0.          0.          0.        ]
 [ 0.         -0.05361537  0.          0.          0.         -0.72942696  0.0498776   0.04879459]
 [ 0.         -0.00876323  0.          0.          0.          0.0498776   0.36993431 -0.04964533]
 [ 0.          0.00065174  0.          0.          0.          0.04879459 -0.04964533  0.35372992]]
0 -1.260496379915753
1 -1.2328973265075045
2 -1.1111412917013153
3 -0.8553414858024775
4 -0.5327918992223085
5 -0.2769920933234702
6 -0.1552360585172806
7 -0.12763700510903184
ciH -1.388133385024782
[[ 0.64287337  0.         -0.06639757  0.        ]
 [ 0.          0.33747145 -0.         -0.06571744]
 [-0.06639757 -0.          0.00685771  0.        ]
 [ 0.         -0.06571744  0.          0.01279747]]
1.0 3.279711571768651e-18 -0.028403070909254043j 4.119968255444917e-17
0.5448387909917964 0.0004033672185380566 -0.0004033672185380567 0.45516120900820356
[[ 0.64623046 -0.         -0.0667443   0.        ]
 [ 0.          0.33420251 -0.         -0.06508086]
 [-0.0667443  -0.          0.00689352  0.        ]
 [ 0.         -0.06508086  0.          0.01267351]]
0.9999999999999999 9.920449878242366e-18 -0.14631083763249433j 1.8431436932253575e-16
0.5468939073534741 0.010703430604361058 -0.01070343060436106 0.45310609264652585
[[ 0.66305846 -0.         -0.06848233  0.        ]
 [ 0.          0.31781639 -0.         -0.06188992]
 [-0.06848233 -0.          0.00707303  0.        ]
 [ 0.         -0.06188992  0.          0.01205212]]
0.9999999999999999 8.413408858487514e-17 -0.3511134365885975j 1.5439038936193583e-16
0.557889446450953 0.06164032267652752 -0.06164032267652753 0.4421105535490469
[[ 0.71429577  0.         -0.07377425  0.        ]
 [ 0.          0.2679245  -0.         -0.05217423]
 [-0.07377425 -0.          0.00761959  0.        ]
 [ 0.         -0.05217423  0.          0.01016014]]
0.9999999999999999 1.8865117801247777e-16 -0.6474668353093068j 2.697495005143935e-16
0.598492853252906 0.20960665141272453 -0.20960665141272455 0.40150714674709387
[[ 0.8510574  -0.         -0.08789933  0.        ]
 [ 0.          0.13475405 -0.         -0.0262413 ]
 [-0.08789933 -0.          0.00907846  0.        ]
 [ 0.         -0.0262413   0.          0.0051101 ]]
1.0 -1.6306400674181987e-16 -1.050743064342118j 4.3107878378023656e-16
0.7593956729613547 0.5520304936315322 -0.5520304936315323 0.24060432703864548
[[ 1.19888115  0.         -0.12382344  0.        ]
 [ 0.         -0.20393634  0.          0.03971351]
 [-0.12382344  0.          0.01278879 -0.        ]
 [ 0.          0.03971351 -0.         -0.0077336 ]]
0.9999999999999996 2.8189256484623115e-16 -1.4687279961786286j 2.3809079707781677e-16
1.512948216547025 1.0785809633794448 -1.0785809633794448 -0.5129482165470256
[[ 1.80995537  0.         -0.18693671  0.        ]
 [ 0.         -0.79896461  0.          0.15558623]
 [-0.18693671  0.          0.01930729 -0.        ]
 [ 0.          0.15558623 -0.         -0.03029805]]
1.0000000000000002 3.165870343657673e-16 -1.2701180542371842j 5.117434254131581e-16
4.033878441519403 0.8065999358496254 -0.8065999358496254 -3.0338784415194033
[[ 2.13203085  0.         -0.22020147  0.        ]
 [ 0.         -1.11258284  0.          0.21665861]
 [-0.22020147  0.          0.02274296 -0.        ]
 [ 0.          0.21665861 -0.         -0.04219098]]
0.9999999999999997 -3.5561831257524545e-17 -0.31390048610419763j 5.186823193170653e-16
5.976552741068955 0.04926675758822578 -0.04926675758822578 -4.976552741068959
S2 = 0.000000
X(g)
[[ 2.          0.         -0.0000055   0.00000129  0.0002778   0.02968807 -0.00133592 -0.001699  ]
 [ 0.          2.          0.00058944 -0.00013787 -0.02976048  0.00027712 -0.00001247 -0.00001586]
 [-0.0000055  -0.00058944  0.          0.          0.          0.          0.          0.        ]
 [ 0.00000129  0.00013787  0.          0.          0.          0.          0.          0.        ]
 [ 0.0002778   0.02976048  0.          0.          0.          0.          0.          0.        ]
 [-0.02968807  0.00027712  0.          0.          0.          0.          0.          0.        ]
 [ 0.00133592 -0.00001247  0.          0.          0.          0.          0.          0.        ]
 [ 0.001699   -0.00001586  0.          0.          0.          0.          0.          0.        ]]
X(g) int
[[ 2.          0.         -0.00518878  0.00121371  0.26198002  0.68602947 -0.03087027 -0.03926035]
 [-0.          2.          0.01362066 -0.003186   -0.68770278  0.26134258 -0.01176001 -0.01495621]
 [-0.00518878 -0.01362066  0.          0.          0.          0.          0.          0.        ]
 [ 0.00121371  0.003186    0.          0.          0.          0.          0.          0.        ]
 [ 0.26198002  0.68770278  0.          0.          0.          0.          0.          0.        ]
 [-0.68602947  0.26134258  0.          0.          0.          0.          0.          0.        ]
 [ 0.03087027 -0.01176001  0.          0.          0.          0.          0.          0.        ]
 [ 0.03926035 -0.01495621  0.          0.          0.          0.          0.          0.        ]]
Feff
[[-0.          0.         -0.00729928  0.01510289  0.00697068  0.01819011 -0.01392704 -0.00154542]
 [ 0.         -0.         -0.0108557  -0.0068385  -0.01904258  0.00800772 -0.00258486  0.01609851]
 [-0.00729928  0.0108557   0.          0.          0.          0.          0.          0.        ]
 [ 0.01510289  0.0068385   0.          0.          0.          0.          0.          0.        ]
 [ 0.00697068  0.01904258  0.          0.          0.          0.          0.          0.        ]
 [-0.01819011  0.00800772  0.          0.          0.          0.          0.          0.        ]
 [ 0.01392704 -0.00258486  0.          0.          0.          0.          0.          0.        ]
 [ 0.00154542  0.01609851  0.          0.          0.          0.          0.          0.        ]]
Feff (ortho)
[[ 0.00862846  0.00332359  0.00814156  0.00944777 -0.          0.          0.         -0.        ]
 [ 0.00332359 -0.00934956 -0.00688965 -0.00549556 -0.         -0.         -0.          0.        ]
 [ 0.00814156 -0.00688965 -0.0017738   0.00029902  0.          0.         -0.          0.        ]
 [ 0.00944777 -0.00549556  0.00029902  0.0024949   0.          0.         -0.         -0.        ]
 [-0.         -0.          0.          0.          0.00862846 -0.00332359  0.00814156 -0.00944777]
 [ 0.         -0.          0.          0.         -0.00332359 -0.00934956  0.00688965 -0.00549556]
 [ 0.         -0.         -0.         -0.          0.00814156  0.00688965 -0.0017738  -0.00029902]
 [-0.          0.          0.         -0.         -0.00944777 -0.00549556 -0.00029902  0.0024949 ]]
Hsp + Hph =  -1.2740792613060017
Feff (mod,ortho)
[[-0.23026003  0.32973615  0.22450695  0.03403138  0.          0.          0.          0.        ]
 [ 0.32973615  0.00171946  0.07117123  0.3341342   0.          0.          0.          0.        ]
 [ 0.22450695  0.07117123  1.12024219  0.05095156  0.          0.          0.          0.        ]
 [ 0.03403138  0.3341342   0.05095156  1.1151074   0.          0.          0.          0.        ]
 [ 0.          0.          0.          0.         -0.23026003 -0.32973615  0.22450695 -0.03403138]
 [ 0.          0.          0.          0.         -0.32973615  0.00171946 -0.07117123  0.3341342 ]
 [ 0.          0.          0.          0.          0.22450695 -0.07117123  1.12024219 -0.05095156]
 [ 0.          0.          0.          0.         -0.03403138  0.3341342  -0.05095156  1.1151074 ]]
E(SUHF) =     -1.00949066
e_a, e_b
[-0.49453689  0.12020916  1.09920198  1.28193477] [-0.49453689  0.12020916  1.09920198  1.28193477]
P_a, P_b
[[ 0.63348758 -0.46887119 -0.07012849  0.08615605]
 [-0.46887119  0.34703158  0.05190509 -0.06376777]
 [-0.07012849  0.05190509  0.00776338 -0.00953767]
 [ 0.08615605 -0.06376777 -0.00953767  0.01171746]] [[ 0.63348758  0.46887119 -0.07012849 -0.08615605]
 [ 0.46887119  0.34703158 -0.05190509 -0.06376777]
 [-0.07012849 -0.05190509  0.00776338  0.00953767]
 [-0.08615605 -0.06376777  0.00953767  0.01171746]]
**** Cycle 2 ****
dm (ortho)
[array([[ 0.63348758, -0.46887119, -0.07012849,  0.08615605],
       [-0.46887119,  0.34703158,  0.05190509, -0.06376777],
       [-0.07012849,  0.05190509,  0.00776338, -0.00953767],
       [ 0.08615605, -0.06376777, -0.00953767,  0.01171746]]), array([[ 0.63348758,  0.46887119, -0.07012849, -0.08615605],
       [ 0.46887119,  0.34703158, -0.05190509, -0.06376777],
       [-0.07012849, -0.05190509,  0.00776338,  0.00953767],
       [-0.08615605, -0.06376777,  0.00953767,  0.01171746]])]
Fock (ortho) [[-0.23630848  0.32845629  0.21732726  0.02619002]
 [ 0.32845629  0.00872298  0.07782622  0.33901036]
 [ 0.21732726  0.07782622  1.12167963  0.05091667]
 [ 0.02619002  0.33901036  0.05091667  1.11270114]] [[-0.23630848 -0.32845629  0.21732726 -0.02619002]
 [-0.32845629  0.00872298 -0.07782622  0.33901036]
 [ 0.21732726 -0.07782622  1.12167963 -0.05091667]
 [-0.02619002  0.33901036 -0.05091667  1.11270114]]
E(UHF) =    -1.261271
NO eigenvalue
[-1. -0.  0.  0.] [-1. -0.  0.  0.]
NO vec
[[ 0.79591933  0.          0.420211    0.1251892  -0.41744796  0.          0.          0.        ]
 [-0.58909387  0.          0.6229941   0.32582063 -0.39835623  0.          0.          0.        ]
 [-0.08811004  0.         -0.62587494  0.0974947  -0.76877303  0.          0.          0.        ]
 [ 0.10824722  0.         -0.20876213  0.93202112  0.27574906  0.          0.          0.        ]
 [ 0.          0.79591933  0.          0.          0.         -0.11631765 -0.03893192 -0.59284647]
 [ 0.          0.58909387  0.          0.          0.          0.3742293   0.06654015  0.71308713]
 [ 0.         -0.08811004  0.          0.          0.          0.64331037 -0.73475909 -0.19625867]
 [ 0.         -0.10824722  0.          0.          0.          0.65770388  0.67393308 -0.31862572]]
dm(NO)
[[ 1.  0. -0.  0.  0.  0.  0.  0.]
 [ 0.  1.  0.  0.  0. -0.  0. -0.]
 [-0.  0.  0. -0.  0.  0.  0.  0.]
 [ 0.  0.  0.  0. -0.  0.  0.  0.]
 [-0.  0. -0. -0.  0.  0.  0.  0.]
 [ 0. -0.  0.  0.  0.  0.  0.  0.]
 [ 0.  0.  0.  0.  0. -0. -0. -0.]
 [ 0. -0.  0.  0.  0. -0.  0.  0.]]
D(g) (NO)
[[ 0.99951369  0.00880932 -0.          0.          0.         -0.00930891  0.00210505 -0.02834964]
 [-0.00880932  0.99951369 -0.02429796 -0.00567848  0.01649706 -0.         -0.         -0.        ]
 [-0.          0.02429796  0.99951369  0.         -0.         -0.01109096  0.01073545  0.01198929]
 [-0.          0.00567848  0.          0.99951369  0.          0.02441905  0.01787706 -0.00492631]
 [ 0.         -0.01649706 -0.          0.          0.99951369 -0.01290107  0.02308945  0.00082441]
 [ 0.00930891 -0.          0.01109096 -0.02441905  0.01290107  0.99951369  0.          0.        ]
 [-0.00210505  0.         -0.01073545 -0.01787706 -0.02308945  0.          0.99951369  0.        ]
 [ 0.02834964 -0.         -0.01198929  0.00492631 -0.00082441  0.          0.          0.99951369]]
...
N(g) (NO)
[[ 1.00040884 -0.00881721]
 [ 0.00881721  1.00040884]]
...
P(g) (NO)
[[ 1.          0.         -0.          0.          0.         -0.          0.         -0.        ]
 [ 0.          1.         -0.          0.          0.         -0.          0.         -0.        ]
 [ 0.00021424  0.02430789 -0.          0.          0.         -0.          0.         -0.        ]
 [ 0.00005007  0.0056808  -0.          0.          0.         -0.          0.         -0.        ]
 [-0.00014546 -0.01650381  0.         -0.         -0.          0.         -0.          0.        ]
 [ 0.00931272 -0.00008208 -0.          0.          0.          0.         -0.          0.        ]
 [-0.00210591  0.00001856  0.         -0.         -0.         -0.          0.         -0.        ]
 [ 0.02836123 -0.00024996 -0.          0.          0.          0.         -0.          0.        ]]
...
Pg_ortho
[[ 0.63361255 -0.46896369 -0.07014232  0.08617305  0.01417938  0.01049477 -0.00156969 -0.00192843]
 [-0.46870586  0.34690921  0.05188678 -0.06374529  0.01875901  0.01388435 -0.00207666 -0.00255128]
 [-0.07014232  0.05191533  0.00776491 -0.00953955 -0.00156969 -0.00116179  0.00017377  0.00021348]
 [ 0.08612567 -0.06374529 -0.0095343   0.01171333 -0.00344701 -0.00255128  0.00038159  0.0004688 ]
 [-0.01417938  0.01049477  0.00156969 -0.00192843  0.63361255  0.46896369 -0.07014232 -0.08617305]
 [ 0.01875901 -0.01388435 -0.00207666  0.00255128  0.46870586  0.34690921 -0.05188678 -0.06374529]
 [ 0.00156969 -0.00116179 -0.00017377  0.00021348 -0.07014232 -0.05191533  0.00776491  0.00953955]
 [-0.00344701  0.00255128  0.00038159 -0.0004688  -0.08612567 -0.06374529  0.0095343   0.01171333]]
G(g) (NO)
[[ 0.27122539 -0.00145401  0.03731303 -0.00014061 -0.03318697 -0.00057941  0.00004907 -0.0002096 ]
 [ 0.00145401  0.27122539 -0.0004773  -0.0003683  -0.00013637 -0.00445375  0.00635582 -0.04932975]
 [ 0.03725779 -0.01262812  0.73273373  0.07890474 -0.03850792 -0.00218065  0.00046148 -0.00013672]
 [-0.00015963 -0.00749251  0.07890018  0.86356016 -0.17127883 -0.00444128  0.00050957  0.00056152]
 [-0.03315274  0.01308242 -0.0385059  -0.1712814   0.91230453  0.0053296  -0.00080178 -0.00009477]
 [-0.00580044 -0.00442683  0.00087733  0.00099708  0.00110741  0.76215248  0.0399895   0.0649412 ]
 [-0.00410599  0.00635409  0.00226413  0.00259883  0.00264713  0.03998768  0.8587992   0.18849499]
 [-0.01833719 -0.04926765  0.00357864  0.00318827  0.0030812   0.06494305  0.18849997  0.88764675]]
...
C(NO)
[[-0.99992464  0.          0.00722499  0.00100433  0.00987413  0.          0.          0.        ]
 [ 0.         -0.99992464  0.          0.          0.          0.00722499  0.00100433  0.00987413]
 [-0.00311152  0.         -0.87348457  0.39555972  0.28380897  0.          0.          0.        ]
 [-0.00843606  0.         -0.054989    0.49899911 -0.86481497  0.          0.          0.        ]
 [ 0.00835816  0.          0.48368245  0.77105862  0.41406526  0.          0.          0.        ]
 [ 0.          0.00349909  0.          0.          0.          0.28452601 -0.92799359  0.24054232]
 [ 0.          0.00796378  0.          0.          0.         -0.23013047  0.1774818   0.95680549]
 [ 0.          0.00866269  0.          0.          0.          0.93060879  0.32760815  0.16298815]]
detC 0.9998492922049282
1.0008955903444428
1.0238235501795494
1.1389212491665857
1.4910945455079951
2.444037382332745
4.955806662153819
9.701530004575972
12.391248419270442
xg [0.99940642 0.97702527 0.87828854 0.67085047 0.4092824  0.20184433 0.1031076  0.08072645]
ciS 1.0801328740122995
[[-0.76624201  0.         -0.03428742 -0.01177926  0.04196679  0.          0.          0.        ]
 [ 0.         -0.76624201  0.          0.          0.          0.00678459  0.00764702  0.05450763]
 [-0.03428742  0.         -0.36570616 -0.17056724  0.4728865   0.          0.          0.        ]
 [-0.01177926  0.         -0.17056724  0.36918781  0.13126296  0.          0.          0.        ]
 [ 0.04196679  0.          0.4728865   0.13126296 -0.0102725   0.          0.          0.        ]
 [ 0.          0.00678459  0.          0.          0.          0.26780911  0.066283   -0.31668201]
 [ 0.          0.00764702  0.          0.          0.          0.066283    0.35576106  0.05015579]
 [ 0.          0.05450763  0.          0.          0.         -0.31668201  0.05015579 -0.63036102]]
0 -1.2605366738896058
1 -1.2326551906659686
2 -1.1096531879664584
3 -0.851235702001291
4 -0.5253853638031638
5 -0.2669678778379955
6 -0.14396587513848555
7 -0.11608439191484864
ciH -1.3766210658044504
[[ 0.63361255 -0.         -0.07014232 -0.        ]
 [-0.          0.34690921 -0.         -0.06374529]
 [-0.07014232 -0.          0.00776491  0.        ]
 [ 0.         -0.06374529  0.          0.01171333]]
0.9999999999999999 9.798477133837746e-18 -0.028706299980309234j 3.0357660829594124e-16
0.5399751715086367 0.0004120258292797509 -0.000412025829279751 0.4600248284913631
[[ 0.63681194 -0.         -0.0704965  -0.        ]
 [-0.          0.3437764  -0.         -0.06316962]
 [-0.0704965  -0.          0.00780412  0.        ]
 [ 0.         -0.06316962  0.          0.01160755]]
1.0 -7.047314121155779e-18 -0.14790862275602223j 1.8518173106052416e-16
0.5418276065371458 0.010938480342791648 -0.010938480342791651 0.45817239346285427
[[ 0.65287277 -0.         -0.07227447 -0.        ]
 [-0.          0.32804974 -0.         -0.06027982]
 [-0.07227447 -0.          0.00800094  0.        ]
 [ 0.         -0.06027982  0.          0.01107654]]
0.9999999999999999 3.469446951953614e-18 -0.3553788183433485j 3.0270924655795284e-16
0.5517607041128388 0.06314705226355734 -0.06314705226355734 0.44823929588716094
[[ 0.70201534 -0.         -0.07771466 -0.        ]
 [-0.          0.27992969 -0.         -0.05143766]
 [-0.07771466 -0.          0.00860319  0.        ]
 [ 0.         -0.05143766  0.          0.00945178]]
0.9999999999999998 -7.589415207398531e-17 -0.6577645171793546j 2.8015784137025435e-16
0.588720329695856 0.2163270800300947 -0.21632708003009476 0.41127967030414375
[[ 0.83498983  0.         -0.09243523 -0.        ]
 [-0.          0.14972205 -0.         -0.02751174]
 [-0.09243523 -0.          0.01023279  0.        ]
 [-0.         -0.02751174  0.          0.00505534]]
1.0 1.5872719805187785e-16 -1.0781349000312417j 1.734723475976807e-17
0.7383573083672672 0.5811874313326876 -0.5811874313326878 0.26164269163273274
[[ 1.18548434  0.         -0.13123576 -0.        ]
 [-0.         -0.19347962  0.          0.03555228]
 [-0.13123576  0.          0.01452809 -0.        ]
 [-0.          0.03555228 -0.         -0.00653281]]
1.0 -1.1709383462843448e-16 -1.5463656656007445j 1.7780915628762273e-16
1.4800347932052478 1.1956233858744165 -1.1956233858744167 -0.4800347932052475
[[ 1.84770677  0.         -0.20454526 -0.        ]
 [ 0.         -0.841923    0.          0.1547051 ]
 [-0.20454526  0.          0.02264362 -0.        ]
 [-0.          0.1547051  -0.         -0.02842738]]
1.0000000000000002 4.735795089416683e-16 -1.401550043805312j -2.220446049250313e-16
4.255720341271471 0.9821712626453356 -0.9821712626453356 -3.255720341271471
[[ 2.22303245  0.         -0.24609465 -0.        ]
 [ 0.         -1.20943918  0.          0.22223695]
 [-0.24609465  0.          0.02724323 -0.        ]
 [-0.          0.22223695 -0.         -0.0408365 ]]
1.0000000000000004 -4.0766001685454967e-17 -0.35538861164499647j -1.5265566588595902e-16
6.6269299007242966 0.06315053264347903 -0.06315053264347904 -5.626929900724295
S2 = -0.000000
X(g)
[[ 2.         -0.          0.00021424  0.00005007 -0.00014546 -0.00931272  0.00210591 -0.02836123]
 [ 0.          2.         -0.02430789 -0.0056808   0.01650381 -0.00008208  0.00001856 -0.00024996]
 [ 0.00021424  0.02430789  0.          0.          0.          0.          0.          0.        ]
 [ 0.00005007  0.0056808   0.          0.          0.          0.          0.          0.        ]
 [-0.00014546 -0.01650381  0.          0.          0.          0.          0.          0.        ]
 [ 0.00931272 -0.00008208  0.          0.          0.          0.          0.          0.        ]
 [-0.00210591  0.00001856  0.          0.          0.          0.          0.          0.        ]
 [ 0.02836123 -0.00024996  0.          0.          0.          0.          0.          0.        ]]
X(g) int
[[ 2.         -0.          0.20385623  0.04764159 -0.13840788 -0.21713089  0.04910049 -0.66125684]
 [ 0.          2.         -0.56675123 -0.13245084  0.38479489 -0.07810038  0.01766108 -0.23784919]
 [ 0.20385623  0.56675123  0.          0.          0.          0.          0.          0.        ]
 [ 0.04764159  0.13245084  0.          0.          0.          0.          0.          0.        ]
 [-0.13840788 -0.38479489  0.          0.          0.          0.          0.          0.        ]
 [ 0.21713089 -0.07810038  0.          0.          0.          0.          0.          0.        ]
 [-0.04910049  0.01766108  0.          0.          0.          0.          0.          0.        ]
 [ 0.66125684 -0.23784919  0.          0.          0.          0.          0.          0.        ]]
Feff
[[-0.          0.         -0.00037489  0.00285687  0.00295107 -0.02707139 -0.00056529 -0.01230752]
 [-0.         -0.         -0.02235123 -0.01935587 -0.00322919 -0.00316827 -0.00103372  0.00242993]
 [-0.00037489  0.02235123  0.          0.          0.          0.          0.          0.        ]
 [ 0.00285687  0.01935587  0.          0.          0.          0.          0.          0.        ]
 [ 0.00295107  0.00322919  0.          0.          0.          0.          0.          0.        ]
 [ 0.02707139 -0.00316827  0.          0.          0.          0.          0.          0.        ]
 [ 0.00056529 -0.00103372  0.          0.          0.          0.          0.          0.        ]
 [ 0.01230752  0.00242993  0.          0.          0.          0.          0.          0.        ]]
Feff (ortho)
[[-0.00164246  0.00022714 -0.00130636  0.00271755 -0.          0.         -0.          0.        ]
 [ 0.00022714  0.00056353  0.00107632 -0.00214582 -0.         -0.          0.         -0.        ]
 [-0.00130636  0.00107632  0.00030936 -0.00050324  0.         -0.          0.         -0.        ]
 [ 0.00271755 -0.00214582 -0.00050324  0.00076957  0.          0.         -0.         -0.        ]
 [-0.         -0.          0.          0.         -0.00164246 -0.00022714 -0.00130636 -0.00271755]
 [ 0.         -0.         -0.          0.         -0.00022714  0.00056353 -0.00107632 -0.00214582]
 [-0.          0.          0.         -0.         -0.00130636 -0.00107632  0.00030936  0.00050324]
 [ 0.         -0.         -0.         -0.         -0.00271755 -0.00214582  0.00050324  0.00076957]]
Hsp + Hph =  -1.2744923323098254
Feff (mod,ortho)
[[-0.23176778  0.33076727  0.22348559  0.03674416  0.          0.          0.          0.        ]
 [ 0.33076727  0.00281462  0.0726403   0.33197016  0.          0.          0.          0.        ]
 [ 0.22348559  0.0726403   1.1202605   0.05065421  0.          0.          0.          0.        ]
 [ 0.03674416  0.33197016  0.05065421  1.11548793  0.          0.          0.          0.        ]
 [ 0.          0.          0.          0.         -0.23176778 -0.33076727  0.22348559 -0.03674416]
 [ 0.          0.          0.          0.         -0.33076727  0.00281462 -0.0726403   0.33197016]
 [ 0.          0.          0.          0.          0.22348559 -0.0726403   1.1202605  -0.05065421]
 [ 0.          0.          0.          0.         -0.03674416  0.33197016 -0.05065421  1.11548793]]
E(SUHF) =     -1.00990373
e_a, e_b
[-0.49504253  0.12109476  1.09866399  1.28207905] [-0.49504253  0.12109476  1.09866399  1.28207905]
P_a, P_b
[[ 0.63599296 -0.46857926 -0.06956331  0.08426353]
 [-0.46857926  0.3452342   0.05125202 -0.06208267]
 [-0.06956331  0.05125202  0.00760866 -0.00921653]
 [ 0.08426353 -0.06208267 -0.00921653  0.01116418]] [[ 0.63599296  0.46857926 -0.06956331 -0.08426353]
 [ 0.46857926  0.3452342  -0.05125202 -0.06208267]
 [-0.06956331 -0.05125202  0.00760866  0.00921653]
 [-0.08426353 -0.06208267  0.00921653  0.01116418]]
**** Cycle 3 ****
dm (ortho)
[array([[ 0.63599296, -0.46857926, -0.06956331,  0.08426353],
       [-0.46857926,  0.3452342 ,  0.05125202, -0.06208267],
       [-0.06956331,  0.05125202,  0.00760866, -0.00921653],
       [ 0.08426353, -0.06208267, -0.00921653,  0.01116418]]), array([[ 0.63599296,  0.46857926, -0.06956331, -0.08426353],
       [ 0.46857926,  0.3452342 , -0.05125202, -0.06208267],
       [-0.06956331, -0.05125202,  0.00760866,  0.00921653],
       [-0.08426353, -0.06208267,  0.00921653,  0.01116418]])]
Fock (ortho) [[-0.23646331  0.32868402  0.21724495  0.02713629]
 [ 0.32868402  0.00964763  0.07857162  0.33875284]
 [ 0.21724495  0.07857162  1.12226208  0.0510834 ]
 [ 0.02713629  0.33875284  0.0510834   1.11325497]] [[-0.23646331 -0.32868402  0.21724495 -0.02713629]
 [-0.32868402  0.00964763 -0.07857162  0.33875284]
 [ 0.21724495 -0.07857162  1.12226208 -0.0510834 ]
 [-0.02713629  0.33875284 -0.0510834   1.11325497]]
E(UHF) =    -1.261249
NO eigenvalue
[-1. -0.  0.  0.] [-1. -0.  0.  0.]
NO vec
[[ 0.79749166  0.          0.09521307 -0.06859907 -0.59180713  0.          0.          0.        ]
 [-0.58756634  0.          0.10143682  0.13588725 -0.79120859  0.          0.          0.        ]
 [-0.08722764  0.          0.83399646 -0.53905615  0.07911835  0.          0.          0.        ]
 [ 0.1056607   0.          0.53394283  0.82840044  0.13226329  0.          0.          0.        ]
 [ 0.          0.79749166  0.          0.          0.          0.03550833  0.09319978 -0.59502941]
 [ 0.          0.58756634  0.          0.          0.          0.0249466   0.09256688  0.80347672]
 [ 0.         -0.08722764  0.          0.          0.         -0.53180187  0.84219847 -0.01672857]
 [ 0.         -0.1056607   0.          0.          0.          0.84575623  0.52292151 -0.00923647]]
dm(NO)
[[ 1.  0.  0. -0. -0.  0.  0.  0.]
 [ 0.  1.  0.  0.  0. -0. -0. -0.]
 [ 0.  0.  0.  0. -0.  0.  0.  0.]
 [-0.  0. -0.  0. -0.  0.  0.  0.]
 [-0.  0.  0. -0. -0.  0.  0.  0.]
 [ 0.  0.  0.  0.  0.  0. -0. -0.]
 [ 0. -0.  0.  0.  0.  0. -0. -0.]
 [ 0. -0.  0.  0.  0.  0.  0. -0.]]
D(g) (NO)
[[ 0.99951369  0.00895592  0.          0.         -0.          0.00465911  0.00005383 -0.0295038 ]
 [-0.00895592  0.99951369 -0.00019858  0.00047939  0.02986495  0.         -0.         -0.        ]
 [ 0.          0.00019858  0.99951369 -0.          0.          0.00043582  0.03117899  0.00018598]
 [-0.         -0.00047939 -0.          0.99951369 -0.          0.03081681 -0.00045586  0.00472011]
 [-0.         -0.02986495  0.         -0.          0.99951369  0.00090541  0.00023078 -0.00892215]
 [-0.00465911  0.         -0.00043582 -0.03081681 -0.00090541  0.99951369 -0.         -0.        ]
 [-0.00005383 -0.         -0.03117899  0.00045586 -0.00023078 -0.          0.99951369 -0.        ]
 [ 0.0295038  -0.         -0.00018598 -0.00472011  0.00892215 -0.         -0.          0.99951369]]
...
N(g) (NO)
[[ 1.00040623 -0.00896392]
 [ 0.00896392  1.00040623]]
...
P(g) (NO)
[[ 1.         -0.          0.         -0.         -0.          0.          0.          0.        ]
 [ 0.          1.          0.         -0.         -0.         -0.         -0.         -0.        ]
 [ 0.00000178  0.00019866  0.         -0.         -0.         -0.         -0.         -0.        ]
 [-0.0000043  -0.00047958 -0.          0.          0.          0.          0.          0.        ]
 [-0.00026771 -0.02987708 -0.          0.          0.          0.          0.          0.        ]
 [-0.004661    0.00004176 -0.          0.          0.         -0.         -0.         -0.        ]
 [-0.00005385  0.00000048 -0.          0.          0.         -0.         -0.         -0.        ]
 [ 0.02951579 -0.00026447  0.         -0.         -0.          0.          0.          0.        ]]
...
Pg_ortho
[[ 0.63611967 -0.46867262 -0.06957717  0.08428032  0.01414215  0.01041948 -0.00154683 -0.00187371]
 [-0.46841066  0.34510998  0.05123358 -0.06206033  0.01881601  0.01386303 -0.00205805 -0.00249296]
 [-0.06957717  0.05126223  0.00761018 -0.00921837 -0.00154683 -0.00113966  0.00016919  0.00020494]
 [ 0.08423321 -0.06206033 -0.00921322  0.01116017 -0.00338364 -0.00249296  0.00037009  0.0004483 ]
 [-0.01414215  0.01041948  0.00154683 -0.00187371  0.63611967  0.46867262 -0.06957717 -0.08428032]
 [ 0.01881601 -0.01386303 -0.00205805  0.00249296  0.46841066  0.34510998 -0.05123358 -0.06206033]
 [ 0.00154683 -0.00113966 -0.00016919  0.00020494 -0.06957717 -0.05126223  0.00761018  0.00921837]
 [-0.00338364  0.00249296  0.00037009 -0.0004483  -0.08423321 -0.06206033  0.00921322  0.01116017]]
G(g) (NO)
[[ 0.27182184 -0.00147423 -0.00058618 -0.01240021 -0.04914455 -0.0000422  -0.00048073 -0.00041158]
 [ 0.00147423  0.27182184  0.00010487 -0.00047461  0.00040746  0.01335747  0.01022436 -0.04781565]
 [-0.0005886  -0.00554452  0.89079505  0.00312318 -0.18873506 -0.00058655 -0.00455633 -0.00118083]
 [-0.01240592 -0.00039239  0.0031231   0.73192165 -0.04617135 -0.0001824  -0.00060466  0.00012278]
 [-0.04907603  0.01887582 -0.18874011 -0.04617409  0.88719098  0.00033326  0.00530009  0.00185923]
 [-0.00219314  0.01335139 -0.0008851   0.00344432 -0.00067634  0.80664642 -0.04963332  0.17861612]
 [ 0.00169432  0.01022957  0.00039271 -0.00123645  0.00058245 -0.04963325  0.75676889 -0.04414902]
 [-0.01948106 -0.04774732 -0.00183445  0.00566185 -0.00200577  0.17862185 -0.04414868  0.94649236]]
...
C(NO)
[[-0.99993194  0.          0.00463208 -0.00122448  0.01063797  0.          0.          0.        ]
 [ 0.         -0.99993194  0.          0.          0.          0.00463208 -0.00122448  0.01063797]
 [-0.00875228  0.          0.15118056 -0.34104773 -0.92776844  0.          0.          0.        ]
 [-0.004415    0.          0.06468372  0.93999854 -0.3349616   0.          0.          0.        ]
 [ 0.00632672  0.          0.9863767  -0.00936472  0.1641136   0.          0.          0.        ]
 [ 0.          0.00869811  0.          0.          0.         -0.31544641 -0.08815463  0.9447998 ]
 [ 0.          0.00039979  0.          0.          0.          0.02062689 -0.99607668 -0.08605587]
 [ 0.          0.00776563  0.          0.          0.          0.94870788 -0.00764875  0.31596605]]
detC 0.9998638778020736
1.0008929812588208
1.0237525609003275
1.1384609098293044
1.4889662043862102
2.4338078446196683
4.899395012714003
9.461887049379305
11.993588560085175
xg [0.99937987 0.97706452 0.87861805 0.67178979 0.41099066 0.20416241 0.10571594 0.08340058]
ciS 1.0827804573164606
[[-0.76652891  0.         -0.01378331  0.0066128   0.05299553  0.          0.          0.        ]
 [ 0.         -0.76652891  0.          0.          0.          0.00132424 -0.01099366  0.05403352]
 [-0.01378331  0.          0.34422131  0.04420286  0.01366435  0.          0.          0.        ]
 [ 0.0066128   0.          0.04420286  0.38321175 -0.02625258  0.          0.          0.        ]
 [ 0.05299553  0.          0.01366435 -0.02625258 -0.73393701  0.          0.          0.        ]
 [ 0.          0.00132424  0.          0.          0.          0.3586766   0.04080299  0.1698341 ]
 [ 0.         -0.01099366  0.          0.          0.          0.04080299  0.34303643  0.01938412]
 [ 0.          0.05403352  0.          0.          0.          0.1698341   0.01938412 -0.70821699]]
0 -1.2604810338676764
1 -1.232685357084039
2 -1.1100618982331398
3 -0.8524397029749412
4 -0.5275921829292471
5 -0.2699699876710483
6 -0.1473465288201491
7 -0.11955085203651164
ciH -1.3800318859041842
[[ 0.63611967  0.         -0.06957717 -0.        ]
 [ 0.          0.34510998 -0.         -0.06206033]
 [-0.06957717 -0.          0.00761018  0.        ]
 [-0.         -0.06206033  0.          0.01116017]]
0.9999999999999998 -4.052205619664573e-18 -0.02862267112587397j 6.765421556309548e-17
0.5413165393028202 0.00040962865118996967 -0.00040962865118996967 0.4586834606971793
[[ 0.63936354  0.         -0.06993198 -0.        ]
 [ 0.          0.34193014 -0.         -0.06148851]
 [-0.06993198 -0.          0.00764898  0.        ]
 [-0.         -0.06148851  0.          0.01105734]]
0.9999999999999998 -5.9631119486702744e-18 -0.14746788548382445j -1.0061396160665481e-16
0.5432253633240777 0.010873388624535177 -0.01087338862453518 0.456774636675922
