H 0.0 0.0 0.0;
H 0.0 0.0 2.0

overwrite output file: test.pylog
[[1.         0.64589894 0.00227256 0.07465634]
 [0.64589894 1.         0.07465634 0.27025724]
 [0.00227256 0.07465634 1.         0.64589894]
 [0.07465634 0.27025724 0.64589894 1.        ]]
SVD: S^(-1/2)
[[-0.3306004   0.46012676 -0.85621932  0.83453679]
 [-0.39774539  0.36468663  0.71167752 -1.05293881]
 [-0.3306004  -0.46012676 -0.85621932 -0.83453679]
 [-0.39774539 -0.36468663  0.71167752  1.05293881]]
S^(1/2)
[[-0.61794925 -0.74345483 -0.61794925 -0.74345483]
 [ 0.66740563  0.52897143 -0.66740563 -0.52897143]
 [-0.34536213  0.28706017 -0.34536213  0.28706017]
 [ 0.23115675 -0.29165151 -0.23115675  0.29165151]]
C (ortho)
[[-0.80171201 -0.57009349 -0.09239023 -0.15399797]
 [ 0.58103325 -0.75902707  0.10126724 -0.2757247 ]
 [ 0.08280286  0.16885224 -0.79177777 -0.58113531]
 [-0.11314709  0.26525624  0.59522671 -0.75002682]]
[[-0.80171201 -0.57009349 -0.09239023 -0.15399797]
 [-0.58103325  0.75902707 -0.10126724  0.2757247 ]
 [ 0.08280286  0.16885224 -0.79177777 -0.58113531]
 [ 0.11314709 -0.26525624 -0.59522671  0.75002682]]
density matrix (ortho)
[[[ 0.64274215 -0.46582133 -0.06638404  0.09071138]
  [-0.46582133  0.33759963  0.04811121 -0.06574222]
  [-0.06638404  0.04811121  0.00685631 -0.0093689 ]
  [ 0.09071138 -0.06574222 -0.0093689   0.01280226]]

 [[ 0.64274215  0.46582133 -0.06638404 -0.09071138]
  [ 0.46582133  0.33759963 -0.04811121 -0.06574222]
  [-0.06638404 -0.04811121  0.00685631  0.0093689 ]
  [-0.09071138 -0.06574222  0.0093689   0.01280226]]]
[0.06237655 0.31939555 0.74529195 1.28265786 1.85893479 2.39630071 2.8221971  3.07921611] [0.15900941 0.34931531 0.49276925 0.56970235 0.56970235 0.49276925 0.34931531 0.15900941]
S = 0.0, Sz = 0.0
Wigner small d:  1
value : [1. 1. 1. 1. 1. 1. 1. 1.]
**** Cycle 1 ****
dm (ortho)
[[[ 0.64274215 -0.46582133 -0.06638404  0.09071138]
  [-0.46582133  0.33759963  0.04811121 -0.06574222]
  [-0.06638404  0.04811121  0.00685631 -0.0093689 ]
  [ 0.09071138 -0.06574222 -0.0093689   0.01280226]]

 [[ 0.64274215  0.46582133 -0.06638404 -0.09071138]
  [ 0.46582133  0.33759963 -0.04811121 -0.06574222]
  [-0.06638404 -0.04811121  0.00685631  0.0093689 ]
  [-0.09071138 -0.06574222  0.0093689   0.01280226]]]
Fock (ortho) [[-0.23888745  0.32641308  0.21636582  0.02458376]
 [ 0.32641308  0.01106876  0.07806084  0.3396296 ]
 [ 0.21636582  0.07806084  1.12201758  0.0506526 ]
 [ 0.02458376  0.3396296   0.0506526   1.1126149 ]] [[-0.23888745 -0.32641308  0.21636582 -0.02458376]
 [-0.32641308  0.01106876 -0.07806084  0.3396296 ]
 [ 0.21636582 -0.07806084  1.12201758 -0.0506526 ]
 [-0.02458376  0.3396296  -0.0506526   1.1126149 ]]
E(UHF) =    -1.261600
[[[ 0.6427421496861863 -0.4658213331496202 -0.0663840448532566  0.0907113787628938]
  [-0.4658213331496202  0.3375996338862058  0.0481112126978231 -0.0657422193453504]
  [-0.0663840448532566  0.0481112126978231  0.0068563130848518 -0.0093689020386119]
  [ 0.0907113787628938 -0.0657422193453504 -0.0093689020386119  0.0128022633043168]]

 [[ 0.6427421496861866  0.4658213331496197 -0.0663840448532571 -0.0907113787628937]
  [ 0.4658213331496197  0.3375996338862051 -0.0481112126978234 -0.0657422193453503]
  [-0.0663840448532571 -0.0481112126978234  0.0068563130848519  0.0093689020386119]
  [-0.0907113787628937 -0.0657422193453503  0.0093689020386119  0.0128022633043168]]]
NO eigenvalue
[-1.0000003599615608e+00 -4.4990647773932422e-19  8.1298528201049642e-19  5.9988341299137054e-17] [-1.0000003599615603e+00 -2.7382896187841210e-18  7.7038473189108980e-19  1.1130053624128943e-16]
NO vec
[[ 0.8017118673961376  0.                  0.1120232641124749 -0.1192183320937929 -0.5748876927422942  0.                  0.                  0.                ]
 [-0.5810331422245709  0.                  0.0174434458307191  0.0301450545362669 -0.8131343612965806  0.                  0.                  0.                ]
 [-0.0828028418403834  0.                  0.9932923468666687 -0.0097965316864937  0.0801126145259076  0.                  0.                  0.                ]
 [ 0.1131470666698691  0.                  0.0227338547378608  0.9923619767739466 -0.0435731592389962  0.                  0.                  0.                ]
 [ 0.                  0.801711867396138   0.                  0.                  0.                  0.0155578604107892 -0.0254869183242783 -0.5969643638023691]
 [ 0.                  0.5810331422245704  0.                  0.                  0.                  0.2136332316967613  0.017040244982058   0.7851566467924675]
 [ 0.                 -0.082802841840384   0.                  0.                  0.                  0.5187412914058462 -0.8486902560318781 -0.0614492578498464]
 [ 0.                 -0.113147066669869   0.                  0.                  0.                  0.8276631367197838  0.5280008488268068 -0.1529267048534831]]
dm(NO)
[[ 1.0000003599615612e+00  0.0000000000000000e+00  1.1939776424496618e-17  4.2067044292437572e-17  1.6046192152785466e-16  0.0000000000000000e+00  0.0000000000000000e+00  0.0000000000000000e+00]
 [ 0.0000000000000000e+00  1.0000003599615606e+00  0.0000000000000000e+00  0.0000000000000000e+00  0.0000000000000000e+00  0.0000000000000000e+00  3.4694469519536142e-18  1.6371452804531117e-17]
 [ 1.7808020683074410e-17  0.0000000000000000e+00 -2.3886329112571270e-19  1.7889335846010823e-18  1.6669608401964631e-18  0.0000000000000000e+00  0.0000000000000000e+00  0.0000000000000000e+00]
 [ 4.6187012547882489e-17  0.0000000000000000e+00 -2.8189256484623115e-18  3.4694469519536142e-18  8.9988780316296868e-18  0.0000000000000000e+00  0.0000000000000000e+00  0.0000000000000000e+00]
 [ 2.0698774725463887e-16  0.0000000000000000e+00 -5.6175225061905198e-18 -7.2641545556528797e-18 -1.2722434867759591e-17  0.0000000000000000e+00  0.0000000000000000e+00  0.0000000000000000e+00]
 [ 0.0000000000000000e+00 -7.3725747729014302e-18  0.0000000000000000e+00  0.0000000000000000e+00  0.0000000000000000e+00  0.0000000000000000e+00  1.7347234759768071e-18  6.2883726004159257e-18]
 [ 0.0000000000000000e+00  8.6736173798840355e-18  0.0000000000000000e+00  0.0000000000000000e+00  0.0000000000000000e+00 -8.6736173798840355e-19 -8.6736173798840355e-19 -7.3725747729014302e-18]
 [ 0.0000000000000000e+00  1.4311468676808659e-17  0.0000000000000000e+00  0.0000000000000000e+00  0.0000000000000000e+00 -7.3725747729014302e-18 -6.9388939039072284e-18 -1.1058862159352145e-17]]
D(g) (NO)
[[ 0.999514  0.00933  -0.        0.        0.       -0.001901  0.003108 -0.029531]
 [-0.00933   0.999514 -0.000472  0.00591   0.029158  0.        0.        0.      ]
 [ 0.        0.000472  0.999514  0.       -0.        0.016825 -0.025993 -0.00367 ]
 [ 0.       -0.00591   0.        0.999514  0.        0.025597  0.016709 -0.001756]
 [ 0.       -0.029158 -0.        0.        0.999514 -0.005525 -0.002813 -0.009153]
 [ 0.001901  0.       -0.016825 -0.025597  0.005525  0.999514 -0.       -0.      ]
 [-0.003108  0.        0.025993 -0.016709  0.002813 -0.        0.999514  0.      ]
 [ 0.029531 -0.        0.00367   0.001756  0.009153  0.        0.        0.999514]]
...
N(g) (NO)
[[ 1.000399 -0.009338]
 [ 0.009338  1.000399]]
...
P(g) (NO)
[[ 1.        0.        0.        0.        0.        0.        0.        0.      ]
 [ 0.        1.        0.        0.        0.        0.        0.        0.      ]
 [ 0.000004  0.000472  0.        0.        0.        0.        0.        0.      ]
 [-0.000055 -0.005913 -0.       -0.       -0.        0.       -0.       -0.      ]
 [-0.000272 -0.02917  -0.       -0.       -0.        0.       -0.       -0.      ]
 [ 0.001902 -0.000018  0.        0.        0.        0.       -0.       -0.      ]
 [-0.00311   0.000029 -0.       -0.       -0.        0.        0.        0.      ]
 [ 0.029543 -0.000276  0.        0.        0.        0.       -0.       -0.      ]]
...
Pg_ortho
[[ 0.642873 -0.465916 -0.066398  0.09073   0.014052  0.010184 -0.001451 -0.001983]
 [-0.465645  0.337472  0.048093 -0.065717  0.018879  0.013683 -0.00195  -0.002664]
 [-0.066398  0.048121  0.006858 -0.009371 -0.001451 -0.001052  0.00015   0.000205]
 [ 0.090677 -0.065717 -0.009365  0.012797 -0.003676 -0.002664  0.00038   0.000519]
 [-0.014052  0.010184  0.001451 -0.001983  0.642873  0.465916 -0.066398 -0.09073 ]
 [ 0.018879 -0.013683 -0.00195   0.002664  0.465645  0.337472 -0.048093 -0.065717]
 [ 0.001451 -0.001052 -0.00015   0.000205 -0.066398 -0.048121  0.006858  0.009371]
 [-0.003676  0.002664  0.00038  -0.000519 -0.090677 -0.065717  0.009365  0.012797]]
G(g) (NO)
[[ 0.272955 -0.001581  0.009682 -0.017609 -0.050475 -0.000584  0.00015  -0.000395]
 [ 0.001581  0.272955  0.000363 -0.000332  0.000527  0.007251  0.001558 -0.05382 ]
 [ 0.009683 -0.004424  0.843723  0.046021 -0.145793 -0.003472  0.001092 -0.000633]
 [-0.017601  0.000305  0.046021  0.733556 -0.109656 -0.00186   0.000471  0.000091]
 [-0.050404  0.018968 -0.145795 -0.109661  0.929606  0.005532 -0.001965  0.00126 ]
 [-0.002155  0.007262 -0.000876  0.00083  -0.00021   0.743447  0.017405  0.066856]
 [-0.003328  0.001553 -0.002819  0.002525 -0.001412  0.017404  0.849293  0.181269]
 [-0.019072 -0.05375  -0.004208  0.003297 -0.002648  0.066859  0.181274  0.914146]]
...
C(NO)
[[-1.        0.        0.000001 -0.       -0.        0.        0.        0.      ]
 [ 0.       -1.        0.        0.        0.        0.000001 -0.       -0.      ]
 [-0.        0.        0.096646 -0.781518 -0.616349  0.        0.        0.      ]
 [-0.        0.        0.306661  0.612504 -0.728557  0.        0.        0.      ]
 [-0.        0.        0.9469   -0.118597  0.298858  0.        0.        0.      ]
 [ 0.        0.        0.        0.        0.        0.021332 -0.926446  0.375819]
 [ 0.        0.        0.        0.        0.       -0.255895  0.358323  0.897842]
 [ 0.        0.        0.        0.        0.        0.96647   0.115323  0.22943 ]]
detC 1.0000003599615608
1.0008846892965204
1.0235647311663352
1.137252288319038
1.483404310270244
2.4073469779733534
4.757199133449351
8.885547297651593
11.061457890543203
xg [0.999115 0.976977 0.879312 0.674125 0.415395 0.210208 0.112542 0.090404]
ciS 1.0895193047784244
[[-0.76727   0.       -0.009679  0.017606  0.05048   0.        0.        0.      ]
 [ 0.       -0.76727   0.        0.        0.       -0.007246 -0.00156   0.053823]
 [-0.009679  0.        0.315686  0.006937  0.02258   0.        0.        0.      ]
 [ 0.017606  0.        0.006937  0.37048  -0.214379  0.        0.        0.      ]
 [ 0.05048   0.        0.02258  -0.214379 -0.691927  0.        0.        0.      ]
 [ 0.       -0.007246  0.        0.        0.        0.3811    0.049537 -0.0713  ]
 [ 0.       -0.00156   0.        0.        0.        0.049537  0.332963  0.098456]
 [ 0.        0.053823  0.        0.        0.       -0.0713    0.098456 -0.719823]]
0 -1.2604972365792946
1 -1.2328981536751984
2 -1.111141988745077
3 -0.8553419094661423
4 -0.5327919781685996
5 -0.2769918988896645
6 -0.15523573395954274
7 -0.127636651055447
ciH -1.3881338876347378
1.0 3.821812658011403e-18 -0.028403081542991416j 9.974659986866641e-17
0.5448386204343917 0.00040336752056890966 -0.00040336752056890977 0.4551613795656082
1.0 -4.336808689942018e-19 -0.14631089365059705j 4.5102810375396984e-17
0.546893729774491 0.010703438800418165 -0.010703438800418163 0.45310627022550876
0.9999999999999999 5.605325231750058e-17 -0.3511135859508502j -3.599551212651875e-17
0.5578892321573321 0.06164037511963254 -0.06164037511963254 0.44211076784266745
1.0000000000000002 -1.1535911115245767e-16 -0.6474671945732654j -1.5135462327897642e-16
0.5984925141603197 0.20960688402428732 -0.20960688402428734 0.40150748583968066
0.9999999999999999 -1.227316859253591e-16 -1.0507440105178596j -7.806255641895632e-18
0.759394959207122 0.552031487819578 -0.552031487819578 0.2406050407928779
0.9999999999999996 -5.004677228193088e-16 -1.4687306097194666j -8.456776945386935e-17
1.5129472100234869 1.0785848019634583 -1.0785848019634579 -0.5129472100234879
0.9999999999999997 -1.218643241873707e-16 -1.270122275718374j -3.0357660829594124e-16
4.033885844298197 0.806605297638011 -0.8066052976380108 -3.0338858442981986
0.9999999999999998 1.3877787807814457e-17 -0.31390178490020504j -2.6020852139652106e-17
5.9765731282278844 0.0492671652817673 -0.04926716528176729 -4.9765731282278844
S2 = 0.000000
X(g)
[[ 1.999999  0.        0.000004 -0.000055 -0.000272 -0.001902  0.00311  -0.029543]
 [-0.        1.999999 -0.000472  0.005913  0.02917  -0.000018  0.000029 -0.000276]
 [ 0.000004  0.000472  0.        0.        0.        0.        0.        0.      ]
 [-0.000055 -0.005913  0.        0.        0.        0.        0.        0.      ]
 [-0.000272 -0.02917   0.        0.        0.        0.        0.        0.      ]
 [ 0.001902 -0.000018  0.        0.        0.        0.        0.        0.      ]
 [-0.00311   0.000029  0.        0.        0.        0.        0.        0.      ]
 [ 0.029543 -0.000276  0.        0.        0.        0.        0.        0.      ]]
X(g) int
[[ 1.999999  0.        0.004154 -0.052049 -0.256779 -0.043945  0.071857 -0.682669]
 [-0.        1.999999 -0.010904  0.13663   0.674051 -0.016741  0.027374 -0.260062]
 [ 0.004154  0.010904  0.        0.        0.        0.        0.        0.      ]
 [-0.052049 -0.13663   0.        0.        0.        0.        0.        0.      ]
 [-0.256779 -0.674051  0.        0.        0.        0.        0.        0.      ]
 [ 0.043945 -0.016741  0.        0.        0.        0.        0.        0.      ]
 [-0.071857  0.027374  0.        0.        0.        0.        0.        0.      ]
 [ 0.682669 -0.260062  0.        0.        0.        0.        0.        0.      ]]
Feff
[[ 0.        0.       -0.000111  0.001392  0.006865  0.00035  -0.000573  0.005444]
 [ 0.        0.        0.000087 -0.001089 -0.005375  0.000448 -0.000732  0.006953]
 [ 0.011633 -0.00825   0.        0.        0.        0.        0.        0.      ]
 [ 0.010437  0.00596   0.        0.        0.        0.        0.        0.      ]
 [-0.009258 -0.020583  0.        0.        0.        0.        0.        0.      ]
 [ 0.014043 -0.005204  0.        0.        0.        0.        0.        0.      ]
 [-0.004361 -0.015186  0.        0.        0.        0.        0.        0.      ]
 [ 0.017635 -0.008502  0.        0.        0.        0.        0.        0.      ]]
Feff (ortho)
[[ 0.001007  0.000638  0.004412  0.004923  0.        0.012364  0.003547  0.001557]
 [ 0.000638 -0.001454 -0.003339 -0.003375  0.012364 -0.       -0.003848 -0.002873]
 [ 0.004412 -0.003339 -0.000922  0.000129 -0.003547 -0.003848 -0.        0.00034 ]
 [ 0.004923 -0.003375  0.000129  0.00137   0.001557  0.002873  0.00034  -0.      ]
 [ 0.        0.012364 -0.003547  0.001557  0.001007 -0.000638  0.004412 -0.004923]
 [ 0.012364 -0.       -0.003848  0.002873 -0.000638 -0.001454  0.003339 -0.003375]
 [ 0.003547 -0.003848 -0.        0.00034   0.004412  0.003339 -0.000922 -0.000129]
 [ 0.001557 -0.002873  0.00034  -0.       -0.004923 -0.003375 -0.000129  0.00137 ]]
Hsp + Hph =  -1.274079203137243
Feff (mod,ortho)
[[-0.237881  0.327052  0.220778  0.029507  0.        0.        0.        0.      ]
 [ 0.327052  0.009615  0.074722  0.336255  0.        0.        0.        0.      ]
 [ 0.220778  0.074722  1.121095  0.050782  0.        0.        0.        0.      ]
 [ 0.029507  0.336255  0.050782  1.113984  0.        0.        0.        0.      ]
 [ 0.        0.        0.        0.       -0.237881 -0.327052  0.220778 -0.029507]
 [ 0.        0.        0.        0.       -0.327052  0.009615 -0.074722  0.336255]
 [ 0.        0.        0.        0.        0.220778 -0.074722  1.121095 -0.050782]
 [ 0.        0.        0.        0.       -0.029507  0.336255 -0.050782  1.113984]]
E(SUHF) =    -1.009491
e_a, e_b
[-0.494371  0.12018   1.099203  1.281802] [-0.494371  0.12018   1.099203  1.281802]
P_a, P_b
[[ 0.643355 -0.465797 -0.069138  0.087763]
 [-0.465797  0.337243  0.050057 -0.063541]
 [-0.069138  0.050057  0.00743  -0.009431]
 [ 0.087763 -0.063541 -0.009431  0.011972]] [[ 0.643355  0.465797 -0.069138 -0.087763]
 [ 0.465797  0.337243 -0.050057 -0.063541]
 [-0.069138 -0.050057  0.00743   0.009431]
 [-0.087763 -0.063541  0.009431  0.011972]]
**** Cycle 2 ****
dm (ortho)
[array([[ 0.643355, -0.465797, -0.069138,  0.087763],
       [-0.465797,  0.337243,  0.050057, -0.063541],
       [-0.069138,  0.050057,  0.00743 , -0.009431],
       [ 0.087763, -0.063541, -0.009431,  0.011972]]), array([[ 0.643355,  0.465797, -0.069138, -0.087763],
       [ 0.465797,  0.337243, -0.050057, -0.063541],
       [-0.069138, -0.050057,  0.00743 ,  0.009431],
       [-0.087763, -0.063541,  0.009431,  0.011972]])]
Fock (ortho) [[-0.238946  0.326354  0.217035  0.02542 ]
 [ 0.326354  0.011152  0.077656  0.339119]
 [ 0.217035  0.077656  1.12183   0.050621]
 [ 0.02542   0.339119  0.050621  1.112615]] [[-0.238946 -0.326354  0.217035 -0.02542 ]
 [-0.326354  0.011152 -0.077656  0.339119]
 [ 0.217035 -0.077656  1.12183  -0.050621]
 [-0.02542   0.339119 -0.050621  1.112615]]
E(UHF) =    -1.261531
[array([[ 0.6433554343773027, -0.4657969587298926, -0.0691381861966449,  0.0877628844211265],
       [-0.4657969587298926,  0.3372425181610804,  0.0500568661453346, -0.063541368376395 ],
       [-0.0691381861966449,  0.0500568661453346,  0.0074299345822555, -0.0094314376160285],
       [ 0.0877628844211265, -0.063541368376395 , -0.0094314376160285,  0.011972112879362 ]]), array([[ 0.6433554343773035,  0.4657969587298922, -0.0691381861966453, -0.0877628844211265],
       [ 0.4657969587298922,  0.3372425181610795, -0.0500568661453348, -0.0635413683763949],
       [-0.0691381861966453, -0.0500568661453348,  0.0074299345822556,  0.0094314376160286],
       [-0.0877628844211265, -0.0635413683763949,  0.0094314376160286,  0.011972112879362 ]])]
NO eigenvalue
[-1.0000000000000004e+00 -2.6785070653302357e-17 -3.2617601901191621e-19  2.3357410957882104e-17] [-1.0000000000000004e+00 -3.3305811674114980e-19  7.8989667458956416e-19  1.1325587534093310e-16]
NO vec
[[ 0.8020944049033769  0.                 -0.4055765748050972 -0.0589269875878182  0.4343729016937962  0.                  0.                  0.                ]
 [-0.5807258545657151  0.                 -0.6167069367423994  0.1329152432657746  0.5145518186930508  0.                  0.                  0.                ]
 [-0.0861970682926949  0.                 -0.3507476969136957 -0.8867050925677868 -0.2886177356675008  0.                  0.                  0.                ]
 [ 0.1094171507550894  0.                 -0.5763299829549996  0.4388795131420213 -0.680629422528846   0.                  0.                  0.                ]
 [ 0.                  0.8020944049033775  0.                  0.                  0.                 -0.0668721797865545  0.0506598157384623  0.5912751138536415]
 [ 0.                  0.5807258545657145  0.                  0.                  0.                 -0.0796260066620391  0.0934117486092219 -0.8047927845872781]
 [ 0.                 -0.0861970682926954  0.                  0.                  0.                 -0.9851326837997547 -0.1474930669429103  0.0181509209411142]
 [ 0.                 -0.1094171507550893  0.                  0.                  0.                 -0.1367530838524072  0.983338000636041   0.0487119870525488]]
dm(NO)
[[ 1.0000000000000002e+00  0.0000000000000000e+00 -1.9190378452993428e-17  3.4911309954033243e-17 -3.4260788650541940e-17  0.0000000000000000e+00  0.0000000000000000e+00  0.0000000000000000e+00]
 [ 0.0000000000000000e+00  1.0000000000000007e+00  0.0000000000000000e+00  0.0000000000000000e+00  0.0000000000000000e+00 -5.8546917314217239e-18  2.1033522146218786e-17  5.9170333563396404e-17]
 [-4.2934406030425976e-17  0.0000000000000000e+00  1.3877787807814457e-17 -1.3010426069826053e-17  7.8062556418956319e-18  0.0000000000000000e+00  0.0000000000000000e+00  0.0000000000000000e+00]
 [ 1.8539857149502126e-17  0.0000000000000000e+00 -1.7347234759768071e-18 -4.3368086899420177e-19  8.6736173798840355e-19  0.0000000000000000e+00  0.0000000000000000e+00  0.0000000000000000e+00]
 [ 2.6020852139652106e-18  0.0000000000000000e+00 -5.2041704279304213e-18 -6.5052130349130266e-18  7.8062556418956319e-18  0.0000000000000000e+00  0.0000000000000000e+00  0.0000000000000000e+00]
 [ 0.0000000000000000e+00 -4.0657581468206416e-19  0.0000000000000000e+00  0.0000000000000000e+00  0.0000000000000000e+00  1.1926223897340549e-18  2.1684043449710089e-19  1.8024861117571511e-18]
 [ 0.0000000000000000e+00  2.2334564753201391e-17  0.0000000000000000e+00  0.0000000000000000e+00  0.0000000000000000e+00 -3.2526065174565133e-18  1.7347234759768071e-18 -6.8304736866586779e-18]
 [ 0.0000000000000000e+00  1.1533200609814553e-16  0.0000000000000000e+00  0.0000000000000000e+00  0.0000000000000000e+00 -1.2278589603398338e-17 -1.0842021724855044e-19  1.3931997916438732e-17]]
D(g) (NO)
[[ 0.999514  0.009404 -0.       -0.        0.        0.001951  0.003327  0.02948 ]
 [-0.009404  0.999514  0.018403 -0.001819 -0.023281 -0.        0.        0.      ]
 [-0.       -0.018403  0.999514  0.       -0.        0.01561  -0.018496  0.006925]
 [-0.        0.001819  0.        0.999514 -0.        0.025161  0.01783  -0.004257]
 [ 0.        0.023281 -0.       -0.        0.999514  0.009585 -0.017358 -0.006102]
 [-0.001951 -0.       -0.01561  -0.025161 -0.009585  0.999514  0.       -0.      ]
 [-0.003327  0.        0.018496 -0.01783   0.017358  0.        0.999514  0.      ]
 [-0.02948   0.       -0.006925  0.004257  0.006102 -0.        0.        0.999514]]
...
N(g) (NO)
[[ 1.000398 -0.009412]
 [ 0.009412  1.000398]]
...
P(g) (NO)
[[ 1.        0.       -0.        0.       -0.       -0.        0.        0.      ]
 [ 0.        1.       -0.        0.       -0.       -0.        0.        0.      ]
 [-0.000173 -0.01841   0.       -0.        0.        0.       -0.       -0.      ]
 [ 0.000017  0.00182  -0.        0.       -0.       -0.        0.        0.      ]
 [ 0.000219  0.02329  -0.        0.       -0.       -0.        0.        0.      ]
 [-0.001951  0.000018  0.       -0.        0.       -0.        0.        0.      ]
 [-0.003328  0.000031  0.       -0.        0.       -0.        0.        0.      ]
 [-0.029492  0.000277  0.       -0.        0.       -0.        0.        0.      ]]
...
Pg_ortho
[[ 0.643487 -0.465892 -0.069152  0.087781  0.014017  0.010149 -0.001506 -0.001912]
 [-0.465619  0.337114  0.050038 -0.063517  0.018913  0.013693 -0.002032 -0.00258 ]
 [-0.069152  0.050067  0.007431 -0.009433 -0.001506 -0.001091  0.000162  0.000205]
 [ 0.087729 -0.063517 -0.009428  0.011968 -0.003563 -0.00258   0.000383  0.000486]
 [-0.014017  0.010149  0.001506 -0.001912  0.643487  0.465892 -0.069152 -0.087781]
 [ 0.018913 -0.013693 -0.002032  0.00258   0.465619  0.337114 -0.050038 -0.063517]
 [ 0.001506 -0.001091 -0.000162  0.000205 -0.069152 -0.050067  0.007431  0.009433]
 [-0.003563  0.00258   0.000383 -0.000486 -0.087729 -0.063517  0.009428  0.011968]]
G(g) (NO)
[[ 0.273215 -0.001564 -0.030058 -0.007608  0.043997  0.000461 -0.000286  0.000454]
 [ 0.001564  0.273215  0.000399 -0.000543 -0.000215 -0.00563   0.012875  0.051957]
 [-0.030009  0.015582  1.054171  0.066832 -0.060466 -0.005784  0.003391 -0.001833]
 [-0.007617  0.000864  0.066832  0.76098  -0.001709 -0.001129  0.000654 -0.000529]
 [ 0.043944 -0.011642 -0.060472 -0.001708  0.691312  0.001461 -0.000581  0.000895]
 [-0.002268 -0.005637 -0.000886  0.002523  0.000068  0.800007  0.054488 -0.108562]
 [-0.001957  0.012873 -0.000766  0.002832 -0.000322  0.054488  0.772869 -0.151817]
 [ 0.019238  0.051886  0.001957 -0.005802 -0.000454 -0.108564 -0.151822  0.933588]]
...
C(NO)
[[-0.999987  0.       -0.002013  0.000463  0.004626  0.        0.        0.      ]
 [ 0.       -0.999987  0.        0.        0.       -0.002013  0.000463  0.004626]
 [ 0.002996  0.        0.487214 -0.090314  0.868594  0.        0.        0.      ]
 [ 0.001391  0.       -0.100599  0.98221   0.158551  0.        0.        0.      ]
 [ 0.003843  0.       -0.867467 -0.164632  0.469449  0.        0.        0.      ]
 [ 0.        0.002833  0.        0.        0.       -0.152382  0.875647  0.45827 ]
 [ 0.        0.004159  0.        0.        0.       -0.24372  -0.482667  0.841198]
 [ 0.        0.000594  0.        0.        0.       -0.957798 -0.016495 -0.286969]]
detC 0.9999746863105146
1.0008847409487203
1.0235284167094505
1.137009438726943
1.4822838827948077
2.402054393562504
4.729368166790642
8.777129435779623
10.889821606183924
xg [0.999167 0.977062 0.879545 0.674669 0.416331 0.211455 0.113938 0.091834]
ciS 1.0910001437477201
[[-0.767365  0.        0.035758  0.009467 -0.040126  0.        0.        0.      ]
 [ 0.       -0.767365  0.        0.        0.        0.009574 -0.007072 -0.053261]
 [ 0.035758  0.       -0.049662  0.006315  0.548592  0.        0.        0.      ]
 [ 0.009467  0.        0.006315  0.332847 -0.070125  0.        0.        0.      ]
 [-0.040126  0.        0.548592 -0.070125 -0.28885   0.        0.        0.      ]
 [ 0.        0.009574  0.        0.        0.        0.314745 -0.020505 -0.058375]
 [ 0.       -0.007072  0.        0.        0.       -0.020505  0.397123 -0.120892]
 [ 0.       -0.053261  0.        0.        0.       -0.058375 -0.120892 -0.717532]]
0 -1.2604931987905856
1 -1.2329462466145658
2 -1.1114200617003593
3 -0.8561031522579372
4 -0.5341624717394071
5 -0.2788455622969841
6 -0.15731937738277768
7 -0.129772425206758
ciH -1.3902656239973397
1.0 1.3688052427629493e-18 -0.02835854499373237j -1.48318857196017e-16
0.5455529532647844 0.0004021035370807717 -0.00040210353708077163 0.45444704673521563
1.0 4.5428071027142636e-17 -0.1460762852260356j -1.452830911130576e-16
0.5476374176562255 0.010669140552719057 -0.010669140552719057 0.4523625823437744
1.0000000000000002 -1.5178830414797062e-18 -0.3504881559068062j -2.992397996059992e-17
0.5587863561675043 0.06142097371547685 -0.061420973715476834 0.44121364383249606
1.0 2.909998630951094e-16 -0.6459636504041493j -3.9811903773667723e-16
0.5999105097103751 0.2086345188217269 -0.20863451882172693 0.40008949028962504
1.0 -1.9081958235744878e-17 -1.0467899182775864j -1.682681771697503e-16
0.7623699405591451 0.5478845665037979 -0.5478845665037979 0.2376300594408547
1.0 3.8424124992886277e-16 -1.4578485199197018j -1.9038590148845458e-16
1.5170789109489993 1.0626611535160324 -1.0626611535160324 -0.5170789109489989
1.0000000000000002 3.7816971776294395e-16 -1.2526574172202345j -2.7755575615628914e-16
4.003107038593358 0.7845753024584343 -0.7845753024584343 -3.0031070385933574
1.0000000000000009 7.48099499014998e-17 -0.3085465122587063j -8.847089727481716e-17
5.892497250755344 0.04760047511350598 -0.04760047511350598 -4.892497250755343
S2 = -0.000000
X(g)
[[ 2.       -0.       -0.000173  0.000017  0.000219  0.001951  0.003328  0.029492]
 [ 0.        2.        0.01841  -0.00182  -0.02329   0.000018  0.000031  0.000277]
 [-0.000173 -0.01841   0.        0.        0.        0.        0.        0.      ]
 [ 0.000017  0.00182   0.        0.        0.        0.        0.        0.      ]
 [ 0.000219  0.02329   0.        0.        0.        0.        0.        0.      ]
 [-0.001951  0.000018  0.        0.        0.        0.        0.        0.      ]
 [-0.003328  0.000031  0.        0.        0.        0.        0.        0.      ]
 [-0.029492  0.000277  0.        0.        0.        0.        0.        0.      ]]
X(g) int
[[ 2.       -0.       -0.163137  0.016125  0.206376  0.045035  0.076812  0.680608]
 [ 0.        2.        0.424867 -0.041995 -0.537476  0.017292  0.029494  0.261334]
 [-0.163137 -0.424867  0.        0.        0.        0.        0.        0.      ]
 [ 0.016125  0.041995  0.        0.        0.        0.        0.        0.      ]
 [ 0.206376  0.537476  0.        0.        0.        0.        0.        0.      ]
 [-0.045035  0.017292  0.        0.        0.        0.        0.        0.      ]
 [-0.076812  0.029494  0.        0.        0.        0.        0.        0.      ]
 [-0.680608  0.261334  0.        0.        0.        0.        0.        0.      ]]
Feff
[[-0.        0.        0.004425 -0.000437 -0.005597 -0.000364 -0.000621 -0.005506]
 [ 0.        0.       -0.003437  0.00034   0.004348 -0.000469 -0.0008   -0.007088]
 [-0.011885 -0.017144  0.        0.        0.        0.        0.        0.      ]
 [-0.000553  0.017478  0.        0.        0.        0.        0.        0.      ]
 [-0.000782  0.009716  0.        0.        0.        0.        0.        0.      ]
 [-0.014348 -0.003592  0.        0.        0.        0.        0.        0.      ]
 [ 0.010101 -0.008152  0.        0.        0.        0.        0.        0.      ]
 [-0.019644  0.007925  0.        0.        0.        0.        0.        0.      ]]
Feff (ortho)
[[ 0.000251  0.000385  0.002127  0.003308  0.        0.012835  0.004491  0.003321]
 [ 0.000385 -0.000689 -0.001601 -0.002318  0.012835  0.       -0.004631 -0.004155]
 [ 0.002127 -0.001601 -0.00046  -0.000062 -0.004491 -0.004631 -0.        0.000256]
 [ 0.003308 -0.002318 -0.000062  0.000898  0.003321  0.004155  0.000256 -0.      ]
 [ 0.        0.012835 -0.004491  0.003321  0.000251 -0.000385  0.002127 -0.003308]
 [ 0.012835  0.       -0.004631  0.004155 -0.000385 -0.000689  0.001601 -0.002318]
 [ 0.004491 -0.004631 -0.        0.000256  0.002127  0.001601 -0.00046   0.000062]
 [ 0.003321 -0.004155  0.000256 -0.       -0.003308 -0.002318  0.000062  0.000898]]
Hsp + Hph =  -1.2743037954345318
Feff (mod,ortho)
[[-0.23751   0.327331  0.222923  0.0329    0.        0.        0.        0.      ]
 [ 0.327331  0.008985  0.073176  0.333979  0.        0.        0.        0.      ]
 [ 0.222923  0.073176  1.120548  0.050642  0.        0.        0.        0.      ]
 [ 0.0329    0.333979  0.050642  1.114629  0.        0.        0.        0.      ]
 [ 0.        0.        0.        0.       -0.23751  -0.327331  0.222923 -0.0329  ]
 [ 0.        0.        0.        0.       -0.327331  0.008985 -0.073176  0.333979]
 [ 0.        0.        0.        0.        0.222923 -0.073176  1.120548 -0.050642]
 [ 0.        0.        0.        0.       -0.0329    0.333979 -0.050642  1.114629]]
E(SUHF) =    -1.009715
e_a, e_b
[-0.49418   0.120077  1.099125  1.281631] [-0.49418   0.120077  1.099125  1.281631]
P_a, P_b
[[ 0.644182 -0.465714 -0.070517  0.085726]
 [-0.465714  0.33669   0.05098  -0.061976]
 [-0.070517  0.05098   0.007719 -0.009384]
 [ 0.085726 -0.061976 -0.009384  0.011408]] [[ 0.644182  0.465714 -0.070517 -0.085726]
 [ 0.465714  0.33669  -0.05098  -0.061976]
 [-0.070517 -0.05098   0.007719  0.009384]
 [-0.085726 -0.061976  0.009384  0.011408]]
**** Cycle 3 ****
dm (ortho)
[array([[ 0.644182, -0.465714, -0.070517,  0.085726],
       [-0.465714,  0.33669 ,  0.05098 , -0.061976],
       [-0.070517,  0.05098 ,  0.007719, -0.009384],
       [ 0.085726, -0.061976, -0.009384,  0.011408]]), array([[ 0.644182,  0.465714, -0.070517, -0.085726],
       [ 0.465714,  0.33669 , -0.05098 , -0.061976],
       [-0.070517, -0.05098 ,  0.007719,  0.009384],
       [-0.085726, -0.061976,  0.009384,  0.011408]])]
Fock (ortho) [[-0.238995  0.326367  0.217383  0.026086]
 [ 0.326367  0.011392  0.077594  0.338784]
 [ 0.217383  0.077594  1.121849  0.050635]
 [ 0.026086  0.338784  0.050635  1.112732]] [[-0.238995 -0.326367  0.217383 -0.026086]
 [-0.326367  0.011392 -0.077594  0.338784]
 [ 0.217383 -0.077594  1.121849 -0.050635]
 [-0.026086  0.338784 -0.050635  1.112732]]
E(UHF) =    -1.261426
[array([[ 0.6441823858089363, -0.4657144135851273, -0.0705168943136167,  0.0857256800373506],
       [-0.4657144135851273,  0.3366902290390602,  0.0509804906290171, -0.0619757473772688],
       [-0.0705168943136167,  0.0509804906290171,  0.0077192926928503, -0.0093841571150158],
       [ 0.0857256800373506, -0.0619757473772688, -0.0093841571150158,  0.0114080924591531]]), array([[ 0.644182385808937 ,  0.4657144135851271, -0.0705168943136172, -0.0857256800373506],
       [ 0.4657144135851271,  0.3366902290390596, -0.0509804906290175, -0.0619757473772688],
       [-0.0705168943136172, -0.0509804906290175,  0.0077192926928504,  0.0093841571150158],
       [-0.0857256800373506, -0.0619757473772688,  0.0093841571150158,  0.0114080924591531]])]
NO eigenvalue
[-9.9999999999999989e-01 -9.7355176915489692e-19  3.4015466560454355e-19  1.1130064336053951e-16] [-1.0000000000000002e+00 -2.2837759134233589e-16 -1.9180389227430644e-18  5.9935820615835332e-19]
NO vec
[[ 0.8026097344344488  0.                 -0.0224480421366799  0.0195621229587455  0.5957608773162605  0.                  0.                  0.                ]
 [-0.5802501435062813  0.                  0.1989354512847026  0.0652818524461707  0.7870659037998585  0.                  0.                  0.                ]
 [-0.0878595054211568  0.                 -0.7441862470198065  0.6585955217368529  0.068698441044084   0.                  0.                  0.                ]
 [ 0.1068086722094846  0.                  0.637265722734996   0.749404791707863  -0.1444879383657481  0.                  0.                  0.                ]
 [ 0.                  0.802609734434449   0.                  0.                  0.                 -0.5881144300919718  0.094373739941576  -0.0321345377763226]
 [ 0.                  0.5802501435062808  0.                  0.                  0.                  0.807503648014411   0.0703597739610727 -0.079354468131954 ]
 [ 0.                 -0.0878595054211574  0.                  0.                  0.                 -0.0451429502015297  0.1299528626949558 -0.9865875910590189]
 [ 0.                 -0.1068086722094847  0.                  0.                  0.                  0.0046248900652173  0.984507670307841   0.1389790093422711]]
dm(NO)
[[ 9.9999999999999978e-01  0.0000000000000000e+00  2.1141942363467336e-17 -7.1557343384043293e-18 -1.7425839417273270e-16  0.0000000000000000e+00  0.0000000000000000e+00  0.0000000000000000e+00]
 [ 0.0000000000000000e+00  9.9999999999999978e-01  0.0000000000000000e+00  0.0000000000000000e+00  0.0000000000000000e+00  1.3506787376917073e-17 -7.0473141211557788e-17  2.2849560785132006e-17]
 [ 7.3725747729014302e-18  0.0000000000000000e+00  8.6736173798840355e-19 -8.6736173798840355e-19 -1.3227266504323154e-17  0.0000000000000000e+00  0.0000000000000000e+00  0.0000000000000000e+00]
 [-1.5287250632045613e-17  0.0000000000000000e+00 -8.6736173798840355e-19  8.6736173798840355e-19  0.0000000000000000e+00  0.0000000000000000e+00  0.0000000000000000e+00  0.0000000000000000e+00]
 [-1.9743321560961036e-16  0.0000000000000000e+00  3.0357660829594124e-18 -6.7220534694101275e-18 -1.8648277366750676e-17  0.0000000000000000e+00  0.0000000000000000e+00  0.0000000000000000e+00]
 [ 0.0000000000000000e+00  1.0526925468476445e-17  0.0000000000000000e+00  0.0000000000000000e+00  0.0000000000000000e+00  2.9644353208887596e-17  6.8575787409708155e-18 -9.5308147225053874e-18]
 [ 0.0000000000000000e+00 -6.8738417735580981e-17  0.0000000000000000e+00  0.0000000000000000e+00  0.0000000000000000e+00  5.3329194359130749e-18 -1.7347234759768071e-18  1.3010426069826053e-18]
 [ 0.0000000000000000e+00  1.8024861117571511e-17  0.0000000000000000e+00  0.0000000000000000e+00  0.0000000000000000e+00  2.0362672051993380e-18  6.5052130349130266e-19  1.3552527156068805e-19]]
D(g) (NO)
[[ 0.999514  0.009474  0.       -0.       -0.       -0.029191  0.004012  0.003797]
 [-0.009474  0.999514 -0.002954  0.00263  -0.029445  0.       -0.        0.      ]
 [-0.        0.002954  0.999514  0.       -0.        0.00656   0.016919  0.025187]
 [-0.       -0.00263   0.        0.999514  0.        0.000466  0.025876 -0.017195]
 [ 0.        0.029445 -0.       -0.        0.999514  0.008775 -0.000677 -0.005284]
 [ 0.029191 -0.       -0.00656  -0.000466 -0.008775  0.999514 -0.        0.      ]
 [-0.004012 -0.       -0.016919 -0.025876  0.000677  0.        0.999514  0.      ]
 [-0.003797  0.       -0.025187  0.017195  0.005284  0.        0.        0.999514]]
...
N(g) (NO)
[[ 1.000397 -0.009482]
 [ 0.009482  1.000397]]
...
P(g) (NO)
[[ 1.        0.        0.       -0.       -0.        0.       -0.        0.      ]
 [-0.        1.       -0.        0.        0.        0.       -0.        0.      ]
 [ 0.000028  0.002955  0.       -0.       -0.        0.       -0.        0.      ]
 [-0.000025 -0.002631 -0.        0.        0.       -0.        0.       -0.      ]
 [ 0.000279  0.029457  0.       -0.       -0.        0.       -0.        0.      ]
 [ 0.029203 -0.000277  0.       -0.       -0.       -0.        0.       -0.      ]
 [-0.004013  0.000038 -0.        0.        0.        0.       -0.        0.      ]
 [-0.003799  0.000036 -0.        0.        0.        0.       -0.        0.      ]]
...
Pg_ortho
[[ 0.644315 -0.46581  -0.070531  0.085743  0.013991  0.010115 -0.001532 -0.001862]
 [-0.465535  0.33656   0.050961 -0.061952  0.018942  0.013694 -0.002074 -0.002521]
 [-0.070531  0.050991  0.007721 -0.009386 -0.001532 -0.001107  0.000168  0.000204]
 [ 0.085693 -0.061952 -0.009381  0.011404 -0.003487 -0.002521  0.000382  0.000464]
 [-0.013991  0.010115  0.001532 -0.001862  0.644315  0.46581  -0.070531 -0.085743]
 [ 0.018942 -0.013694 -0.002074  0.002521  0.465535  0.33656  -0.050961 -0.061952]
 [ 0.001532 -0.001107 -0.000168  0.000204 -0.070531 -0.050991  0.007721  0.009386]
 [-0.003487  0.002521  0.000382 -0.000464 -0.085693 -0.061952  0.009381  0.011404]]
G(g) (NO)
[[ 0.273497 -0.001559 -0.006207 -0.006478  0.052959 -0.000463 -0.000368  0.000382]
 [ 0.001559  0.273497 -0.000579  0.000001 -0.0004   -0.050987  0.016889  0.000512]
 [-0.006221 -0.001142  0.742648 -0.015496  0.010766  0.000222 -0.000049 -0.000025]
 [-0.006476 -0.003666 -0.015496  0.845486  0.192886 -0.00091  -0.003001  0.002743]
 [ 0.052888 -0.019085  0.010767  0.192891  0.918372 -0.001982 -0.00388   0.004161]
 [-0.019353 -0.050916  0.006194 -0.000376  0.00135   0.954561  0.10755   0.143817]
 [-0.000345  0.016886  0.001818  0.000079 -0.000091  0.107546  0.734964  0.028179]
 [-0.002075  0.000502  0.003135 -0.000023  0.000479  0.143814  0.028179  0.816982]]
...
C(NO)
[[-0.999967  0.       -0.003641  0.000227  0.007338  0.        0.        0.      ]
 [ 0.       -0.999967  0.        0.        0.       -0.003641  0.000227  0.007338]
 [-0.000141  0.       -0.094819  0.990767 -0.096888  0.        0.        0.      ]
 [-0.008012  0.        0.249287 -0.070592 -0.965819  0.        0.        0.      ]
 [ 0.00172   0.       -0.96377  -0.115735 -0.240313  0.        0.        0.      ]
 [ 0.       -0.000903  0.        0.        0.        0.939348  0.005553  0.34292 ]
 [ 0.        0.005613  0.        0.        0.       -0.239601 -0.704743  0.667754]
 [ 0.        0.005903  0.        0.        0.       -0.245365  0.709439  0.660648]]
detC 0.9999331967220306
1.0008834243668
1.0234926131933755
1.1367778729575069
1.4812217688829037
2.3970575978417683
4.70328950906029
8.676800272486329
10.732017574147227
xg [0.999251 0.977177 0.879797 0.675209 0.417234 0.212646 0.115265 0.093192]
ciS 1.092442432322362
[[-0.767454  0.        0.005727 -0.004705 -0.054361  0.        0.        0.      ]
 [ 0.       -0.767454  0.        0.        0.        0.053518 -0.009422  0.007556]
 [ 0.005727  0.        0.349371  0.055627 -0.095948  0.        0.        0.      ]
 [-0.004705  0.        0.055627  0.362985  0.085041  0.        0.        0.      ]
 [-0.054361  0.       -0.095948  0.085041 -0.717933  0.        0.        0.      ]
 [ 0.        0.053518  0.        0.        0.       -0.697625  0.154801  0.123415]
 [ 0.       -0.009422  0.        0.        0.        0.154801  0.389141 -0.005289]
 [ 0.        0.007556  0.        0.        0.        0.123415 -0.005289  0.302908]]
0 -1.2604942644477224
1 -1.2329937091998626
2 -1.1116722090593143
3 -0.8567853261486783
4 -0.5353868856039408
5 -0.2805000026933052
6 -0.15917850255275556
7 -0.13167794730489632
ciH -1.3921722117526152
0.9999999999999997 7.792703114739563e-18 -0.02831634467762475j 2.1163626406917047e-16
